0 2.2 22
10 4.8 70
20 4.8 118
30 6.6 184
40 10.3 287
50 9.9 386
60 15.8 544
70 24.9 793
80 26.2 1055
90 29.9 1354
100 42.2 1776
110 40 2176
120 59.6 2772
130 81.8 3590
140 89.5 4485
150 93.3 5418
160 108 6498
170 120.3 7701
180 120 8901
190 172 10621
200 210.7 12728
210 227.1 14999
220 241.1 17410
230 260.4 20014
240 268.2 22696
250 261.8 25314
260 159.4 26908
270 81.1 27719
280 62.1 28340
290 55.1 28891
300 52.6 29417
310 59.3 30010
320 66.7 30677
330 92.2 31599
340 109.4 32693
350 116.2 33855
360 524.6 39101
370 543.4 44535
380 444.3 48978
390 434.9 53327
400 491.6 58243
410 267.8 60921
420 364.8 64569
430 484 69409
440 528.7 74696
450 521.4 79910
460 522.2 85132
470 500.7 90139
480 459.4 94733
490 442.2 99155
501 288.9 102044
510 454.9 106593
521 731.1 113904
530 469.8 118602
540 292.2 121524
550 270.1 124225
560 40 124625
570 3.6 124661
580 0.3 124664
590 0.1 124665
599 0 124665
