0 0.3 3
10 1.6 19
20 2.3 42
30 2.4 66
40 4.3 109
50 3.8 147
60 4.9 196
70 8.4 280
80 12.5 405
90 10 505
100 17.9 684
110 17.4 858
120 19.8 1056
130 27.5 1331
140 35.4 1685
150 38.5 2070
160 41.3 2483
170 48.7 2970
180 52.7 3497
190 58.4 4081
200 84 4921
210 96.2 5883
220 95 6833
230 102.4 7857
240 106.9 8926
250 113 10056
260 95.8 11014
270 54.5 11559
280 32.7 11886
290 25.6 12142
300 21.6 12358
310 24.6 12604
320 27.2 12876
330 32.8 13204
340 42.3 13627
350 44 14067
360 81.8 14885
370 199.7 16882
380 351.2 20394
390 411.3 24507
400 400.2 28509
410 565.7 34166
420 968.4 43850
430 416.2 48012
440 180.6 49818
450 284.7 52665
460 376.6 56431
470 436 60791
480 467.1 65462
490 541.6 70878
501 348.9 74367
510 426.2 78629
521 382.6 82455
530 254.3 84998
540 462.8 89626
550 679.6 96422
560 188.9 98311
570 34.9 98660
580 4.8 98708
590 0.5 98713
599 0.1 98714
