0 1.1 8.160267223011363 21.208299468479304 75.223876953125 1.10791015625 0 0
10 0.6 1.3748372395833333 0.22821310365492373 75.223876953125 1.0859375 8.160267223011363 11
20 0.8 1.41485595703125 0.2416187422125074 75.223876953125 1.02197265625 5.765409581801471 17
30 1.3 1.5615985576923077 0.7285065394318415 75.223876953125 0.8359375 4.373232421875 25
40 2.4 1.3311258951822917 0.23841130484779705 75.223876953125 0.8359375 3.4113576788651314 38
50 1.2 1.4202067057291667 0.26750998700692175 75.223876953125 0.8359375 2.606106665826613 62
60 4.3 1.2756801871366283 0.2356184231158316 75.223876953125 0.735107421875 2.413798564189189 74
70 4.8 1.2754821777343748 0.22058322555692542 75.223876953125 0.735107421875 1.9955157418536327 117
80 3.6 1.3111775716145833 0.23126676211593636 75.223876953125 0.735107421875 1.7860514322916667 165
90 6.4 1.362415313720703 0.33604720156899665 75.223876953125 0.735107421875 1.7009993975435322 201
100 6.9 1.3188688858695652 0.24233962899807676 75.223876953125 0.735107421875 1.619228147110849 265
110 7.7 1.2989200740665583 0.2322043835017702 75.223876953125 0.725830078125 1.557177880566991 334
120 13.4 1.205783217700559 0.2521180976457094 75.223876953125 0.66796875 1.5087938146289537 411
130 15.6 1.206602438902243 0.23497430094643465 75.223876953125 0.66796875 1.4342921265768347 545
140 17.3 1.1980347385296237 0.24065285820059126 75.223876953125 0.66796875 1.3836222388774961 701
150 16 1.212702941894531 0.32492774772550576 75.223876953125 0.66796875 1.3468869556278602 874
160 21.3 1.246557961047535 0.24888408514992072 75.223876953125 0.66796875 1.326123471878022 1034
170 20.6 1.2498530415655333 0.30746461979064965 75.223876953125 0.66796875 1.3125328914394545 1247
180 21.6 1.3095104076244215 0.82998737179768 75.223876953125 0.66796875 1.3036464158207155 1453
190 38.3 1.238139100236619 0.2592349770947 75.223876953125 0.66796875 1.3044053266832683 1669
200 37.8 1.2051653180803577 0.2947724034276738 75.223876953125 0.66796875 1.2920369228192006 2052
210 37.7 1.2140627590351454 0.2689168723185009 75.223876953125 0.66796875 1.2785235620820472 2430
220 48 1.123861185709635 0.2712512140253098 75.223876953125 0.656005859375 1.2698660192431865 2807
230 48.5 1.1641702239046396 0.2605456837969597 75.223876953125 0.656005859375 1.248544960497794 3287
240 48.1 1.2322812784238577 0.8056809904729465 75.223876953125 0.656005859375 1.2376961409729583 3772
250 41 1.2738013290777428 1.7410019534372647 75.223876953125 0.656005859375 1.2370837382252233 4253
260 9.7 1.2495972938144333 0.27078054443822674 75.223876953125 0.656005859375 1.2403121774809671 4663
270 10.8 1.2607602719907403 0.35773361885109517 75.223876953125 0.656005859375 1.240501390986082 4760
280 9.3 1.353381741431451 1.2901550066066954 75.223876953125 0.656005859375 1.2409508484939915 4868
290 9.9 1.2206390072601014 0.23649763837004853 75.223876953125 0.656005859375 1.243058502806264 4961
300 9.6 1.2326609293619792 0.23545325518292828 75.223876953125 0.656005859375 1.2426198605021 5060
310 10.8 1.2001048900462967 0.23494250172186346 75.223876953125 0.656005859375 1.2424344343210583 5156
320 11.7 1.222071981837607 0.23421704429703816 75.223876953125 0.656005859375 1.2415659710266673 5264
330 20.7 1.2342169572765702 0.29886838902103324 75.223876953125 0.656005859375 1.2411421098976727 5381
340 19.9 1.2133862672738698 0.2440233122837462 75.223876953125 0.656005859375 1.2408855768639275 5588
350 20.3 1.2117685402555423 0.2434670600849898 75.223876953125 0.656005859375 1.2399399465531582 5787
360 301.6 1.1209920787052348 0.2331213111686632 75.223876953125 0.572998046875 1.238985222767112 5990
370 471.7 1.3392212612790144 14.513306933902458 997.888916015625 0.572998046875 1.1994707521374628 9006
380 469.6 1.1774170337787495 0.44200826606028 997.888916015625 0.572998046875 1.247507125497566 13723
390 589.1 1.1722082430428782 0.2428760502081271 997.888916015625 0.52197265625 1.2296373676002013 18419
400 942 1.707838883774553 7.406183001012985 997.888916015625 0.52197265625 1.2157206677743193 24310
410 17.8 124.17407638035462 87.8897383408206 997.888916015625 0.52197265625 1.3531577740512895 33730
420 30.8 81.14441710633119 52.910404232700685 997.888916015625 0.52197265625 1.9979060196547456 33908
430 160 63.4810214233398 34.27842653173616 997.888916015625 0.52197265625 2.7103541554595254 34216
440 307.4 53.966076842824876 33.65303623575158 997.888916015625 0.52197265625 5.425148315293355 35816
450 444.5 40.89280853443124 23.581460847802045 997.888916015625 0.52197265625 9.261991058765506 38890
460 617.2 36.93291832855305 29.920148127083216 997.888916015625 0.52197265625 12.506458202629224 43335
470 588.8 53.26056045034665 48.70792910617388 1029.56201171875 0.52197265625 15.551686390505722 49507
480 423.9 70.73473104561086 48.96342338023681 1029.56201171875 0.52197265625 19.559807167910602 55395
490 220.4 98.55484169407889 66.63674154172625 1029.56201171875 0.52197265625 23.197505499694007 59634
501 105.5 825.1454187185283 784.3890996521366 2617.7138671875 0.52197265625 25.883355122457104 61838
510 193 492.64922697235437 515.1433377221753 2872.212890625 0.52197265625 39.290594037659986 62893
521 457.6 681.4943990107171 646.7161016537751 2872.212890625 0.52197265625 52.788614208956595 64823
530 358.9 264.9948795092201 294.13351014415906 2872.212890625 0.52197265625 94.2439330356379 69399
540 0 0 0 2872.212890625 0.52197265625 102.64017826627426 72988
550 0 0 0 2872.212890625 0.52197265625 102.64017826627426 72988
560 0 0 0 2872.212890625 0.52197265625 102.64017826627426 72988
570 0 0 0 2872.212890625 0.52197265625 102.64017826627426 72988
580 0 0 0 2872.212890625 0.52197265625 102.64017826627426 72988
590 0 0 0 2872.212890625 0.52197265625 102.64017826627426 72988
599 0 0 0 2872.212890625 0.52197265625 102.64017826627426 72988
