0 9 9
10 12 3
20 14 2
30 21 7
40 28 7
50 26 -2
60 47 21
70 67 20
80 65 -2
90 94 29
100 113 19
110 112 -1
120 166 54
130 223 57
140 263 40
150 257 -6
160 297 40
170 322 25
180 349 27
190 483 134
200 570 87
210 595 25
220 670 75
230 724 54
240 762 38
250 684 -78
260 388 -296
270 235 -153
280 169 -66
290 154 -15
300 162 8
310 161 -1
320 173 12
330 257 84
340 289 32
350 314 25
360 3016 2702
370 6158 3142
380 7650 1492
390 9167 1517
400 12448 3281
410 6820 -5628
420 2813 -4007
430 2218 -595
440 4098 1880
450 6374 2276
460 8974 2600
470 9841 867
480 8793 -1048
490 5997 -2796
501 4572 -1425
510 4159 -413
521 6075 1916
530 7238 1163
540 4125 -3113
550 1507 -2618
560 346 -1161
570 49 -297
580 6 -43
590 1 -5
599 0 -1
