0 0.1 0.43620984536595225 0 0.43620984536595225 0.43620984536595225 0 0
10 0.1 0.22360248447204967 0.0 0.43620984536595225 0.22360248447204967 0.43620984536595225 1
20 0.1 1.0186335403726707 0.0 1.0186335403726707 0.22360248447204967 0.32990616491900093 2
30 0.1 0.18628912071535023 0.0 1.0186335403726707 0.18628912071535023 0.5594819567368908 3
40 0.1 0.1987824574481302 0.0 1.0186335403726707 0.18628912071535023 0.46618374773150567 4
50 0.1 1.266923363557322 0.0 1.266923363557322 0.18628912071535023 0.4127034896748306 5
60 0.1 0.24853982850751832 0.0 1.266923363557322 0.18628912071535023 0.5550734686552459 6
70 0.1 0.28617643399278336 0.0 1.266923363557322 0.18628912071535023 0.5112829486341419 7
80 0.1 0.42335948200722207 0.0 1.266923363557322 0.18628912071535023 0.4831446343039721 8
90 0.1 0.559631886581271 0.0 1.266923363557322 0.18628912071535023 0.4765018396043332 9
100 0.1 0.5843590699987568 0.0 1.266923363557322 0.18628912071535023 0.4848148443020269 10
110 0.1 0.7459903021260723 0.0 1.266923363557322 0.18628912071535023 0.49386431936536607 11
120 0.1 1.841712294673967 0.0 1.841712294673967 0.18628912071535023 0.5148748179287582 12
130 0.1 1.231037055458841 0.0 1.841712294673967 0.18628912071535023 0.6169392392168511 13
140 0.1 1.5151515151515151 0.0 1.841712294673967 0.18628912071535023 0.6608033689484218 14
150 0.1 1.639751552795031 0.0 1.841712294673967 0.18628912071535023 0.7177599120286281 15
160 0.1 1.7883755588673622 0.0 1.841712294673967 0.18628912071535023 0.7753843895765283 16
170 0.1 1.9142324425108763 0.0 1.9142324425108763 0.18628912071535023 0.8349721054171656 17
180 0.1 2.10016155088853 0.0 2.10016155088853 0.18628912071535023 0.8949310130334829 18
190 0.1 2.1560319042871385 0.0 2.1560319042871385 0.18628912071535023 0.9583641992363802 19
200 0.1 3.5190251181298184 0.0 3.5190251181298184 0.18628912071535023 1.018247584488918 20
210 0.1 3.9447486311597806 0.0 3.9447486311597806 0.18628912071535023 1.1373322289480086 21
220 0.1 4.238872958483979 0.0 4.238872958483979 0.18628912071535023 1.26494206541218 22
230 0.1 4.553961322520275 0.0 4.553961322520275 0.18628912071535023 1.3942434085892148 23
240 0.1 4.9881531363012845 0.0 4.9881531363012845 0.18628912071535023 1.5258983216696755 24
250 0.1 7.484355444305383 0.0 7.484355444305383 0.18628912071535023 1.66438851425494 25
260 0.1 4.83689538807649 0.0 7.484355444305383 0.18628912071535023 1.8882333961799571 26
270 0.1 2.857855984025958 0.0 7.484355444305383 0.18628912071535023 1.9974430995835324 27
280 0.1 1.6677037958929681 0.0 7.484355444305383 0.18628912071535023 2.028172131170762 28
290 0.1 1.2419274714356683 0.0 7.484355444305383 0.18628912071535023 2.015742188574976 29
300 0.1 1.0689869484151646 0.0 7.484355444305383 0.18628912071535023 1.9899483646703324 30
310 0.1 1.044516289480229 0.0 7.484355444305383 0.18628912071535023 1.9602399318879076 31
320 0.1 1.2173913043478262 0.0 7.484355444305383 0.18628912071535023 1.9316235680626677 32
330 0.1 1.4559482329517173 0.0 7.484355444305383 0.18628912071535023 1.909980166131915 33
340 0.1 1.7421602787456445 0.0 7.484355444305383 0.18628912071535023 1.896626285744262 34
350 0.1 2.2133797562795325 0.0 7.484355444305383 0.18628912071535023 1.8922129712585871 35
360 0.1 2.2424317926996387 0.0 7.484355444305383 0.18628912071535023 1.9011342708425023 36
370 0.1 15.581510934393638 0.0 15.581510934393638 0.18628912071535023 1.9103585281899924 37
380 0.1 23.560472718129244 0.0 23.560472718129244 0.18628912071535023 2.270125696774299 38
390 0.1 26.706419690433904 0.0 26.706419690433904 0.18628912071535023 2.8160320306551947 39
400 0.1 30.70097604259095 0.0 30.70097604259095 0.18628912071535023 3.413291722149663 40
410 0.1 76.37640103461017 0.0 76.37640103461017 0.18628912071535023 4.078844998257987 41
420 0.1 99.83265598852499 0.0 99.83265598852499 0.18628912071535023 5.800215380075896 42
430 0.1 99.85639061752035 0.0 99.85639061752035 0.18628912071535023 7.987016324458433 43
440 0.1 99.0355267977048 0.0 99.85639061752035 0.18628912071535023 10.074956649300749 44
450 0.1 97.95742586440261 0.0 99.85639061752035 0.18628912071535023 12.051858208154174 45
460 0.1 98.81554595928439 0.0 99.85639061752035 0.18628912071535023 13.9193705485074 46
470 0.1 98.7843811394892 0.0 99.85639061752035 0.18628912071535023 15.725672152992015 47
480 0.1 99.24482338611449 0.0 99.85639061752035 0.18628912071535023 17.45606192354404 48
490 0.1 99.51497514247605 0.0 99.85639061752035 0.18628912071535023 19.125220320739356 49
501 0.1 99.90345160511707 0.0 99.90345160511707 0.18628912071535023 20.73301541717409 50
510 0.1 99.01666866530759 0.0 99.90345160511707 0.18628912071535023 22.285376911055327 51
521 0.1 99.62415130940833 0.0 99.90345160511707 0.18628912071535023 23.760978675560178 52
530 0.1 99.57831325301206 0.0 99.90345160511707 0.18628912071535023 25.19235929129316 53
540 0.1 31.221777835118047 0.0 99.90345160511707 0.18628912071535023 26.56987695725092 54
550 0.1 13.67695840775708 0.0 99.90345160511707 0.18628912071535023 26.654456973212138 55
560 0.1 4.225175526579739 0.0 99.90345160511707 0.18628912071535023 26.422715927400443 56
570 0.1 1.007337395846288 0.0 99.90345160511707 0.18628912071535023 26.03328539405271 57
580 0.1 0.18645121193287756 0.0 99.90345160511707 0.18628912071535023 25.601803532014667 58
590 0.1 0.08696732513355696 0.0 99.90345160511707 0.08696732513355696 25.171034848623453 59
599 0.1 0.16141047926496152 0.0 99.90345160511707 0.08696732513355696 24.75296705656529 60
