0 0.2 2
10 0.3 5
20 0.7 12
30 0.5 17
40 1.7 34
50 1.5 49
60 2.1 70
70 2.8 98
80 4.1 139
90 3.3 172
100 5 222
110 8 302
120 7.9 381
130 9.9 480
140 13.7 617
150 16 777
160 17.4 951
170 18.5 1136
180 19 1326
190 24.4 1570
200 29.1 1861
210 35.4 2215
220 40.3 2618
230 43.1 3049
240 46.8 3517
250 47.8 3995
260 38.3 4378
270 27.3 4651
280 14.3 4794
290 11.9 4913
300 8.4 4997
310 10.9 5106
320 10.7 5213
330 12.1 5334
340 16.7 5501
350 17.9 5680
360 33.5 6015
370 161.8 7633
380 321.7 10850
390 438.8 15238
400 630.9 21547
410 678.3 28330
420 547.9 33809
430 281.4 36623
440 157.4 38197
450 230.7 40504
460 357.2 44076
470 499.7 49073
480 556.7 54640
490 524.8 59888
501 324 63128
510 309.2 66220
521 240.4 68624
530 295.4 71578
540 309 74668
550 257.7 77245
560 109.6 78341
570 27.1 78612
580 4 78652
590 0.5 78657
599 0.1 78658
