0 0.1 29460.3046875 0 29460.3046875 29460.3046875 0 0
10 0.1 29459.9453125 0.0 29460.3046875 29459.9453125 29460.3046875 1
20 0.1 29454.859375 0.0 29460.3046875 29454.859375 29460.125 2
30 0.1 29455.71484375 0.0 29460.3046875 29454.859375 29458.369791666668 3
40 0.1 29453.875 0.0 29460.3046875 29453.875 29457.7060546875 4
50 0.1 29451.35546875 0.0 29460.3046875 29451.35546875 29456.93984375 5
60 0.1 29450.76171875 0.0 29460.3046875 29450.76171875 29456.009114583332 6
70 0.1 29446.41015625 0.0 29460.3046875 29446.41015625 29455.25948660714 7
80 0.1 29435.1875 0.0 29460.3046875 29435.1875 29454.1533203125 8
90 0.1 29432.32421875 0.0 29460.3046875 29432.32421875 29452.046006944445 9
100 0.1 29427.73046875 0.0 29460.3046875 29427.73046875 29450.073828125 10
110 0.1 29418.4453125 0.0 29460.3046875 29418.4453125 29448.042613636364 11
120 0.1 29420.83984375 0.0 29460.3046875 29418.4453125 29445.576171875 12
130 0.1 29415.76953125 0.0 29460.3046875 29415.76953125 29443.673377403848 13
140 0.1 29399.84765625 0.0 29460.3046875 29399.84765625 29441.680245535714 14
150 0.1 29389.18359375 0.0 29460.3046875 29389.18359375 29438.89140625 15
160 0.1 29385.89453125 0.0 29460.3046875 29385.89453125 29435.78466796875 16
170 0.1 29385.265625 0.0 29460.3046875 29385.265625 29432.84995404412 17
180 0.1 29381.6953125 0.0 29460.3046875 29381.6953125 29430.206380208332 18
190 0.1 29365.98828125 0.0 29460.3046875 29365.98828125 29427.65316611842 19
200 0.1 29342.63671875 0.0 29460.3046875 29342.63671875 29424.569921875 20
210 0.1 29317.09375 0.0 29460.3046875 29317.09375 29420.66834077381 21
220 0.1 29298.2890625 0.0 29460.3046875 29298.2890625 29415.960404829544 22
230 0.1 29278.48046875 0.0 29460.3046875 29278.48046875 29410.844259510868 23
240 0.1 29272.09765625 0.0 29460.3046875 29272.09765625 29405.3291015625 24
250 0.1 29249.21875 0.0 29460.3046875 29249.21875 29399.99984375 25
260 0.1 29238.75 0.0 29460.3046875 29238.75 29394.20057091346 26
270 0.1 29252.87109375 0.0 29460.3046875 29238.75 29388.44314236111 27
280 0.1 29281.55078125 0.0 29460.3046875 29238.75 29383.60128348214 28
290 0.1 29317.3203125 0.0 29460.3046875 29238.75 29380.08230064655 29
300 0.1 29339.3046875 0.0 29460.3046875 29238.75 29377.990234375 30
310 0.1 29352.3671875 0.0 29460.3046875 29238.75 29376.742313508064 31
320 0.1 29367.04296875 0.0 29460.3046875 29238.75 29375.980590820313 32
330 0.1 29369.84375 0.0 29460.3046875 29238.75 29375.70975378788 33
340 0.1 29367.828125 0.0 29460.3046875 29238.75 29375.537224264706 34
350 0.1 29362.72265625 0.0 29460.3046875 29238.75 29375.316964285714 35
360 0.1 29353.43359375 0.0 29460.3046875 29238.75 29374.967122395832 36
370 0.1 28950.88671875 0.0 29460.3046875 28950.88671875 29374.385135135137 37
380 0.1 28661.140625 0.0 29460.3046875 28661.140625 29363.240439967107 38
390 0.1 28504.83984375 0.0 29460.3046875 28504.83984375 29345.237880608973 39
400 0.1 28308.5546875 0.0 29460.3046875 28308.5546875 29324.2279296875 40
410 0.1 27738.59765625 0.0 29460.3046875 27738.59765625 29299.455411585364 41
420 0.1 27633.86328125 0.0 29460.3046875 27633.86328125 29262.292131696428 42
430 0.1 27934.48046875 0.0 29460.3046875 27633.86328125 29224.421693313954 43
440 0.1 28169.25390625 0.0 29460.3046875 27633.86328125 29195.104847301136 44
450 0.1 28143.1484375 0.0 29460.3046875 27633.86328125 29172.308159722223 45
460 0.1 28030.06640625 0.0 29460.3046875 27633.86328125 29149.935122282608 46
470 0.1 27853.0859375 0.0 29460.3046875 27633.86328125 29126.108128324468 47
480 0.1 27787.25390625 0.0 29460.3046875 27633.86328125 29099.586832682293 48
490 0.1 27753.328125 0.0 29460.3046875 27633.86328125 29072.804528061224 49
501 0.1 27692.7421875 0.0 29460.3046875 27633.86328125 29046.415 50
510 0.1 27662.27734375 0.0 29460.3046875 27633.86328125 29019.872395833332 51
521 0.1 27743.2890625 0.0 29460.3046875 27633.86328125 28993.764798677883 52
530 0.1 27705.22265625 0.0 29460.3046875 27633.86328125 28970.170916863208 53
540 0.1 27876.00390625 0.0 29460.3046875 27633.86328125 28946.745949074073 54
550 0.1 28122.61328125 0.0 29460.3046875 27633.86328125 28927.27791193182 55
560 0.1 28646.26953125 0.0 29460.3046875 27633.86328125 28912.90890066964 56
570 0.1 29086.15625 0.0 29460.3046875 27633.86328125 28908.231016995614 57
580 0.1 29213.27734375 0.0 29460.3046875 27633.86328125 28911.298693426725 58
590 0.1 29246.00390625 0.0 29460.3046875 27633.86328125 28916.416975635595 59
599 0.1 29253.48828125 0.0 29460.3046875 27633.86328125 28921.910091145834 60
