0 0.1 0.2890625 0 0.2890625 0.2890625 0 0
10 0.1 0.25 0.0 0.2890625 0.25 0.2890625 1
20 0.1 0.2109375 0.0 0.2890625 0.2109375 0.26953125 2
30 0.1 0.1796875 0.0 0.2890625 0.1796875 0.25 3
40 0.1 0.1484375 0.0 0.2890625 0.1484375 0.232421875 4
50 0.1 0.12890625 0.0 0.2890625 0.12890625 0.215625 5
60 0.1 0.109375 0.0 0.2890625 0.109375 0.201171875 6
70 0.1 0.08984375 0.0 0.2890625 0.08984375 0.18805803571428573 7
80 0.1 0.078125 0.0 0.2890625 0.078125 0.17578125 8
90 0.1 0.05859375 0.0 0.2890625 0.05859375 0.16493055555555555 9
100 0.1 0.05078125 0.0 0.2890625 0.05078125 0.154296875 10
110 0.1 0.05078125 0.0 0.2890625 0.05078125 0.14488636363636365 11
120 0.1 0.0390625 0.0 0.2890625 0.0390625 0.13704427083333334 12
130 0.1 0.109375 0.0 0.2890625 0.0390625 0.12950721153846154 13
140 0.1 0.171875 0.0 0.2890625 0.0390625 0.12806919642857142 14
150 0.1 0.1484375 0.0 0.2890625 0.0390625 0.13098958333333333 15
160 0.1 0.12109375 0.0 0.2890625 0.0390625 0.132080078125 16
170 0.1 0.109375 0.0 0.2890625 0.0390625 0.13143382352941177 17
180 0.1 0.16015625 0.0 0.2890625 0.0390625 0.13020833333333334 18
190 0.1 0.21875 0.0 0.2890625 0.0390625 0.1317845394736842 19
200 0.1 0.26171875 0.0 0.2890625 0.0390625 0.1361328125 20
210 0.1 0.21875 0.0 0.2890625 0.0390625 0.14211309523809523 21
220 0.1 0.19140625 0.0 0.2890625 0.0390625 0.1455965909090909 22
230 0.1 0.16015625 0.0 0.2890625 0.0390625 0.1475883152173913 23
240 0.1 0.2109375 0.0 0.2890625 0.0390625 0.14811197916666666 24
250 0.1 0.25 0.0 0.2890625 0.0390625 0.150625 25
260 0.1 0.2890625 0.0 0.2890625 0.0390625 0.1544471153846154 26
270 0.1 0.23828125 0.0 0.2890625 0.0390625 0.15943287037037038 27
280 0.1 0.19921875 0.0 0.2890625 0.0390625 0.16224888392857142 28
290 0.1 0.171875 0.0 0.2890625 0.0390625 0.1635237068965517 29
300 0.1 0.1484375 0.0 0.2890625 0.0390625 0.16380208333333332 30
310 0.1 0.12109375 0.0 0.2890625 0.0390625 0.16330645161290322 31
320 0.1 0.1015625 0.0 0.2890625 0.0390625 0.1619873046875 32
330 0.1 0.08984375 0.0 0.2890625 0.0390625 0.16015625 33
340 0.1 0.078125 0.0 0.2890625 0.0390625 0.15808823529411764 34
350 0.1 0.05859375 0.0 0.2890625 0.0390625 0.15580357142857143 35
360 0.1 0.05078125 0.0 0.2890625 0.0390625 0.1531032986111111 36
370 0.1 0.12890625 0.0 0.2890625 0.0390625 0.15033783783783783 37
380 0.1 0.19140625 0.0 0.2890625 0.0390625 0.14977384868421054 38
390 0.1 0.62109375 0.0 0.62109375 0.0390625 0.15084134615384615 39
400 0.1 0.83984375 0.0 0.83984375 0.0390625 0.16259765625 40
410 0.1 1.3515625 0.0 1.3515625 0.0390625 0.17911585365853658 41
420 0.1 2.37109375 0.0 2.37109375 0.0390625 0.20703125 42
430 0.1 3.23828125 0.0 3.23828125 0.0390625 0.2573582848837209 43
440 0.1 4.0390625 0.0 4.0390625 0.0390625 0.3251065340909091 44
450 0.1 4.80078125 0.0 4.80078125 0.0390625 0.4076388888888889 45
460 0.1 5.2890625 0.0 5.2890625 0.0390625 0.5031419836956522 46
470 0.1 5.7890625 0.0 5.7890625 0.0390625 0.6049700797872342 47
480 0.1 6.19921875 0.0 6.19921875 0.0390625 0.7129720052083335 48
490 0.1 6.48046875 0.0 6.48046875 0.0390625 0.8249362244897961 49
501 0.1 6.7109375 0.0 6.7109375 0.0390625 0.9380468750000002 50
510 0.1 7.0 0.0 7.0 0.0390625 1.0512408088235297 51
521 0.1 7.21875 0.0 7.21875 0.0390625 1.165640024038462 52
530 0.1 7.33984375 0.0 7.33984375 0.0390625 1.2798496462264157 53
540 0.1 6.37109375 0.0 7.33984375 0.0390625 1.3920717592592597 54
550 0.1 5.4609375 0.0 7.33984375 0.0390625 1.4825994318181823 55
560 0.1 4.69921875 0.0 7.33984375 0.0390625 1.5536411830357149 56
570 0.1 3.96875 0.0 7.33984375 0.0390625 1.6088267543859653 57
580 0.1 3.359375 0.0 7.33984375 0.0390625 1.649515086206897 58
590 0.1 2.8515625 0.0 7.33984375 0.0390625 1.6784957627118648 59
599 0.1 2.41015625 0.0 7.33984375 0.0390625 1.6980468750000004 60
