0 2.5 41.510859375 39.016209925993735 108.43994140625 8.81103515625 0 0
10 6.2 61.91833889868952 56.29255385066218 339.09912109375 8.81103515625 41.510859375 25
20 6.9 55.95356020720109 61.50286252286315 422.494873046875 8.81103515625 56.05412064475575 87
30 9 49.77446560329861 41.213074384918464 422.494873046875 8.81103515625 56.009641989683495 156
40 13.8 57.52651756397191 66.51730055603906 422.494873046875 8.81103515625 53.72847989710366 246
50 12.9 69.56824203609501 73.93586527962647 423.8759765625 8.81103515625 55.09339968363444 384
60 20.5 44.22481659679878 43.56447565743654 423.8759765625 8.038818359375 58.73327232197248 513
70 31.6 59.366261156299444 66.18472842792048 432.153076171875 8.038818359375 54.59088593804405 718
80 36 66.10960218641492 75.07726796435344 439.361083984375 8.038818359375 56.05028494091514 1034
90 38.3 54.1729191314458 61.07428870494482 439.361083984375 8.038818359375 58.64810001148897 1394
100 58.3 55.41345026399015 55.20377211407816 439.361083984375 7.762939453125 57.68355624274585 1777
110 54.6 54.49742713341346 66.01161546944468 439.361083984375 7.762939453125 57.12276311324815 2360
120 76.2 56.64624696265998 62.0655969871419 439.361083984375 7.762939453125 56.62949627051252 2906
130 104.7 59.83526687111986 63.601417382054805 454.587890625 7.762939453125 56.63297610350498 3668
140 122.2 51.8248650633567 53.40421357492267 454.587890625 7.762939453125 57.344068030057 4715
150 125 60.30985468749998 68.71601150794403 521.31689453125 7.762939453125 56.20806229899623 5937
160 144.6 55.10595618705699 59.287376047723725 521.31689453125 7.762939453125 56.921467125158706 7187
170 161.7 59.11809400606832 64.66599172633316 521.31689453125 7.72509765625 56.61737482624812 8633
180 168.1 53.64653070507697 57.08418613177918 521.31689453125 7.72509765625 57.01187852515244 10250
190 222.4 56.615858558270524 62.7971507989093 521.31689453125 7.72509765625 56.537722990365175 11931
200 282.1 62.86952020698547 70.37227076094089 573.81494140625 7.72509765625 56.549999465322536 14155
210 312.1 59.956441432533644 65.6016048064355 573.81494140625 7.72509765625 57.60015073842757 16976
220 323.2 60.808894695621944 69.29619550389275 573.81494140625 7.72509765625 57.96607516776056 20097
230 349.7 62.030123476372616 66.95161425958504 573.81494140625 7.72509765625 58.3599194265821 23329
240 358 67.78215652551073 75.53435836066046 583.531982421875 7.72509765625 58.838362115097624 26826
250 359.8 66.46743620044987 73.04709801083568 594.552978515625 7.72509765625 59.891403751264136 30406
260 242.4 63.3013265376831 73.22038786188288 664.89697265625 7.72509765625 60.58722085372767 34004
270 130.8 48.461419435086945 61.92289192101868 664.89697265625 4.823974609375 60.76782347198582 36428
280 90.7 53.65385435329383 64.41201539156391 664.89697265625 4.823974609375 60.341260601510314 37736
290 78.4 53.82491691745057 60.24391731828798 664.89697265625 4.823974609375 60.18429873345834 38643
300 72.4 50.59234248208734 53.495687453339244 664.89697265625 4.823974609375 60.05784337688163 39427
310 80.4 55.89684026158271 61.02974169847846 664.89697265625 4.823974609375 59.887162132383835 40151
320 90.6 56.85005669667495 61.585153781480386 664.89697265625 4.823974609375 59.80882691607022 40955
330 121.3 53.87738162903183 58.24455744173813 664.89697265625 4.823974609375 59.744790084203515 41861
340 145.4 58.97352635778456 64.71569124138826 664.89697265625 4.823974609375 59.57955893650134 43074
350 153 59.65590245863971 65.61462375964176 664.89697265625 4.823974609375 59.55976978429477 44528
360 680.5 320.9780064276601 346.7048434456353 1758.642822265625 1.050048828125 59.56296321413862 46058
370 2369.5 352.0408015292832 536.3470148831798 3157.99609375 0.93896484375 93.21465473879697 52863
380 3469.4 249.87224351343374 480.02496678012096 3319.23681640625 0.919921875 173.32235802520168 76558
390 3917.1 217.63615240433154 428.0145891072304 3319.23681640625 0.869140625 197.1944837139868 111252
400 6150.7 149.58244524156262 346.8564211745968 3319.23681640625 0.66796875 202.51760986005152 150423
410 3797.1 265.3912858147509 428.86168021381786 3319.23681640625 0.66796875 187.15459768532685 211930
420 1640 406.6824438774292 327.22819106259584 3319.23681640625 0.66796875 199.0422063181949 249901
430 886.6 154.37159593729754 158.54235000215056 3319.23681640625 0.66796875 211.82961566315208 266301
440 1268.3 612.4470511670114 563.0482504451862 3446.97998046875 0.66796875 209.97829336473174 275167
450 2577 358.097356270613 516.6159233497306 3446.97998046875 0.66796875 227.7115268377431 287850
460 3815.1 244.52385942025583 420.9541818519098 3446.97998046875 0.66796875 238.4252658355272 313620
470 4647.4 206.27135382590507 376.24122377929604 3446.97998046875 0.66796875 239.08668318900712 351771
480 4137.2 225.76188684895257 380.36958617414234 3446.97998046875 0.66796875 235.25723243175767 398245
490 3114.8 314.3149230181092 426.4748778605597 3446.97998046875 0.66796875 234.36363314544298 439617
501 1335.7 602.0664120441583 669.0083593615512 5229.214111328125 0.66796875 239.65358200942777 470765
510 1482.6 645.2090516923394 578.5897714333485 5229.214111328125 0.66796875 249.65260740132052 484122
521 2178.7 617.3049047579261 636.9118949441183 5229.214111328125 0.66796875 261.4063770187128 498948
530 2736.1 337.6134172624117 522.6124033010017 5229.214111328125 0.66796875 276.29679387921624 520735
540 2206 385.0276694552855 569.4625899905764 5229.214111328125 0.66796875 279.3577250525647 548096
550 1009.5 444.7861818824696 430.1426504656083 5229.214111328125 0.66796875 283.4462183307623 570156
560 226.1 18.41059745238555 37.58904916736756 5229.214111328125 0.66796875 286.2531534882277 580251
570 38.4 11.360781987508147 17.962500223496654 5229.214111328125 0.66796875 285.2135319539125 582512
580 5.1 10.730066636029408 5.525095610870452 5229.214111328125 0.66796875 285.03312334588105 582896
590 0.6 12.332804361979166 4.891135974992304 5229.214111328125 0.66796875 285.0091255280825 582947
599 0.1 12.432861328125 0.0 5229.214111328125 0.66796875 285.0063190275121 582953
