10 0.1 178 0 178 178 0 0
20 0.1 879.0 0.0 879 178 178.0 1
30 0.1 464.0 0.0 879 178 528.5 2
40 0.1 652.0 0.0 879 178 507.0 3
50 0.1 1315.0 0.0 1315 178 543.25 4
60 0.1 1083.0 0.0 1315 178 697.6 5
70 0.1 1548.0 0.0 1548 178 761.8333333333334 6
80 0.1 2678.0 0.0 2678 178 874.1428571428571 7
90 0.1 2815.0 0.0 2815 178 1099.625 8
100 0.1 3092.0 0.0 3092 178 1290.2222222222222 9
110 0.1 4737.0 0.0 4737 178 1470.4 10
120 0.1 4613.0 0.0 4737 178 1767.3636363636363 11
130 0.1 6155.0 0.0 6155 178 2004.5 12
140 0.1 8642.0 0.0 8642 178 2323.769230769231 13
150 0.1 9314.0 0.0 9314 178 2775.0714285714284 14
160 0.1 10287.0 0.0 10287 178 3211.0 15
170 0.1 11264.0 0.0 11264 178 3653.25 16
180 0.1 12731.0 0.0 12731 178 4100.941176470588 17
190 0.1 12943.0 0.0 12943 178 4580.388888888889 18
200 0.1 19058.0 0.0 19058 178 5020.526315789473 19
210 0.1 22712.0 0.0 22712 178 5722.4 20
220 0.1 24353.0 0.0 24353 178 6531.428571428572 21
230 0.1 25357.0 0.0 25357 178 7341.5 22
240 0.1 28949.0 0.0 28949 178 8124.782608695652 23
250 0.1 31006.0 0.0 31006 178 8992.458333333334 24
260 0.1 26615.0 0.0 31006 178 9873.0 25
270 0.1 15795.0 0.0 31006 178 10516.923076923076 26
280 0.1 8423.0 0.0 31006 178 10712.407407407407 27
290 0.1 6326.0 0.0 31006 178 10630.642857142857 28
300 0.1 5779.0 0.0 31006 178 10482.206896551725 29
310 0.1 5180.0 0.0 31006 178 10325.433333333332 30
320 0.1 6523.0 0.0 31006 178 10159.451612903225 31
330 0.1 7802.0 0.0 31006 178 10045.8125 32
340 0.1 9832.0 0.0 31006 178 9977.818181818182 33
350 0.1 12187.0 0.0 31006 178 9973.529411764706 34
360 0.1 12445.0 0.0 31006 178 10036.771428571428 35
370 0.1 66133.0 0.0 66133 178 10103.666666666666 36
380 0.1 84876.0 0.0 84876 178 11617.972972972973 37
390 0.1 94886.0 0.0 94886 178 13545.815789473685 38
400 0.1 115350.0 0.0 115350 178 15631.461538461539 39
410 0.1 121085.0 0.0 121085 178 18124.425 40
420 0.1 81158.0 0.0 121085 178 20635.658536585364 41
430 0.1 61919.0 0.0 121085 178 22076.666666666664 42
440 0.1 59105.0 0.0 121085 178 23003.23255813953 43
450 0.1 74708.0 0.0 121085 178 23823.72727272727 44
460 0.1 90457.0 0.0 121085 178 24954.488888888885 45
470 0.1 109955.0 0.0 121085 178 26378.456521739125 46
480 0.1 108914.0 0.0 121085 178 28156.680851063826 47
490 0.1 96393.0 0.0 121085 178 29839.124999999996 48
501 0.1 65380.0 0.0 121085 178 31197.367346938772 49
510 0.1 64626.0 0.0 121085 178 31881.019999999997 50
521 0.1 73792.0 0.0 121085 178 32523.078431372545 51
530 0.1 84234.0 0.0 121085 178 33316.71153846153 52
540 0.1 71849.0 0.0 121085 178 34277.415094339616 53
550 0.1 56281.0 0.0 121085 178 34973.18518518518 54
560 0.1 12891.0 0.0 121085 178 35360.6 55
570 0.1 2330.0 0.0 121085 178 34959.357142857145 56
580 0.1 217.0 0.0 121085 178 34386.912280701756 57
590 0.1 25.0 0.0 121085 25 33797.775862068964 58
599 0.1 2.0 0.0 121085 2 33225.35593220339 59
