0 2.5 41.510859375 39.016209925993735 108.43994140625 8.81103515625 0 0
10 6.4 59.97784423828125 54.51803870563972 320.693115234375 8.81103515625 41.510859375 25
20 7.1 54.37365550726233 58.8355930649035 399.15087890625 8.81103515625 54.79048893960674 89
30 9 49.77446560329861 41.213074384918464 399.15087890625 8.81103515625 54.6055191040039 160
40 14.6 54.36741659086044 62.62292693856286 399.15087890625 8.81103515625 52.86633984375 250
50 13.7 65.50001069229018 69.53861208215801 399.66796875 8.81103515625 53.41976712930082 396
60 20.7 43.796378462786855 42.90430815322641 399.66796875 8.038818359375 56.524820352808405 533
70 33.3 56.32959277637012 62.512169598948525 407.801025390625 8.038818359375 52.96429674303211 740
80 38.7 61.48898969941053 69.97591911333477 412.924072265625 8.038818359375 54.008698960274934 1073
90 39.9 51.995356433074875 58.1575056662273 412.924072265625 8.038818359375 55.99148835482663 1460
100 60.1 53.751224359141034 53.12449311354715 412.924072265625 7.762939453125 55.13379247705419 1859
110 57.4 51.834554320013076 62.22243573410412 412.924072265625 7.762939453125 54.79601872141768 2460
120 79.4 54.35954841978904 59.15924834955549 412.924072265625 7.762939453125 54.235741672503295 3034
130 109.3 57.313241579940545 60.59275697127768 429.509033203125 7.762939453125 54.26142154641784 3828
140 124.9 50.70285525295238 51.70957089657476 429.509033203125 7.762939453125 54.939259241325445 4921
150 131.8 57.194220535671946 64.73126756456071 494.345947265625 7.762939453125 54.08167924432739 6170
160 149.3 53.3687517660541 56.85643371152202 494.345947265625 7.762939453125 54.62953306670882 7488
170 169 56.56096393652923 61.434007048248596 494.345947265625 7.72509765625 54.419940985439744 8981
180 172.7 52.215425333399665 54.92122148835995 494.345947265625 7.72509765625 54.759021557770474 10671
190 230.4 54.64703803592258 59.99428532771193 494.345947265625 7.72509765625 54.40470709741491 12398
200 294.7 60.178160689101205 66.59744256640391 494.345947265625 7.72509765625 54.44268359600841 14702
210 323.3 57.97728163120071 62.86863109399362 494.345947265625 7.72509765625 55.400383805274906 17649
220 336.1 58.37509443106592 65.62354933924682 494.345947265625 7.72509765625 55.79934514380657 20882
230 362.8 59.787516365766244 64.10988169145243 494.345947265625 7.72509765625 56.15644176363409 24243
240 375.1 64.71370329891216 71.34250565499777 531.7998046875 7.72509765625 56.62910290448069 27871
250 374.8 63.79444297375251 69.35568134080185 560.928955078125 7.72509765625 57.58809778397953 31622
260 255.2 60.09935729406476 68.95976486546117 643.758056640625 7.72509765625 58.24575630168575 35370
270 135.6 46.74291794138314 58.503806060355096 643.758056640625 4.823974609375 58.370496287249566 37922
280 94.8 51.329973051819636 60.833266638083145 643.758056640625 4.823974609375 57.96907574045506 39278
290 80.7 52.28843021510994 57.57850980925374 643.758056640625 4.823974609375 57.81261302109876 40226
300 74.2 49.362900232690365 51.66658579342122 643.758056640625 4.823974609375 57.703968380823056 41033
310 83.9 53.56129384637586 58.01301392542319 643.758056640625 4.823974609375 57.55581583585802 41775
320 93.9 55.19904636955872 59.54987135219937 643.758056640625 4.823974609375 57.47717022762656 42614
330 125 52.01717421875004 55.27777197170436 643.758056640625 4.823974609375 57.4280540174292 43553
340 151.7 56.52092753481376 61.74451291757726 643.758056640625 4.823974609375 57.27709091789682 44803
350 160.2 56.971068421553134 62.34618614920697 643.758056640625 4.823974609375 57.252326240605434 46320
360 685.4 319.36360453863693 345.52447596742707 1354.153076171875 1.050048828125 57.242923982224696 47922
370 2437.4 342.8267469687089 522.4786101373825 2056.613037109375 0.9111328125 90.0415062907841 54776
380 3623.7 239.29734535995186 457.5241290456773 2056.613037109375 0.9111328125 167.8859466733961 79150
390 4075.2 209.06532431378898 411.517623606861 2056.613037109375 0.869140625 190.31251859401732 115387
400 6360.5 144.374342917991 337.960380099234 2056.613037109375 0.66796875 195.20696737806315 156139
410 4063.1 247.13995298386672 411.98562460694075 2056.613037109375 0.66796875 180.49344128050012 219744
420 1711.5 388.0181596261729 303.0575032763779 2056.613037109375 0.66796875 190.89349665071418 260375
430 899.8 152.31552326840858 153.49610259676788 2056.613037109375 0.66796875 203.05173156665703 277490
440 1300.2 598.3353089533705 551.6947381539247 2056.613037109375 0.66796875 201.458211411301 286488
450 2677.9 344.0845452994587 502.65224087037836 2090.26904296875 0.66796875 218.68815572410605 299490
460 3965.3 235.0302643314051 410.19094068805526 2090.26904296875 0.66796875 228.9802457370658 326269
470 4835.6 198.08275936018435 368.07009461815716 2090.26904296875 0.66796875 229.63585372817136 365922
480 4319.1 215.93545424615496 371.61016265616524 2090.26904296875 0.66796875 225.95286445223016 414278
490 3252.9 300.63243191262023 414.12183088053047 2090.26904296875 0.66796875 225.00709115565573 457469
501 1395.8 571.7691916779949 640.6377957173439 3780.567138671875 0.66796875 230.02755391159207 489998
510 1535.7 619.7220222983368 556.8784650435829 3887.531982421875 0.66796875 239.49272503753056 503956
521 2243.8 595.9565659922611 621.528282805184 3887.531982421875 0.66796875 250.73677499975796 519313
530 2847.8 322.90169266832635 510.5498894569225 3948.347900390625 0.66796875 265.0349335085374 541751
540 2345.2 363.605519531085 533.7783718701387 3948.347900390625 0.66796875 267.9248769652056 570229
550 1062.3 418.45474511194965 378.30794111221905 3948.347900390625 0.66796875 271.7045202912595 593681
560 228.9 18.160736577278577 36.47730313504987 3948.347900390625 0.66796875 274.2842279189935 604304
570 38.5 11.331060394683439 16.918263228338475 3948.347900390625 0.66796875 273.3177369247335 606593
580 5.1 10.730066636029408 5.525095610870452 3948.347900390625 0.66796875 273.1515614283167 606978
590 0.6 12.332804361979166 4.891135974992304 3948.347900390625 0.66796875 273.1295138881919 607029
599 0.1 12.432861328125 0.0 3948.347900390625 0.66796875 273.126936145134 607035
