10 0.1 129 0 129 129 0 0
20 0.1 600.0 0.0 600 129 129.0 1
30 0.1 300.0 0.0 600 129 364.5 2
40 0.1 392.0 0.0 600 129 343.0 3
50 0.1 865.0 0.0 865 129 355.25 4
60 0.1 633.0 0.0 865 129 457.2 5
70 0.1 1062.0 0.0 1062 129 486.5 6
80 0.1 1670.0 0.0 1670 129 568.7142857142857 7
90 0.1 1742.0 0.0 1742 129 706.375 8
100 0.1 1999.0 0.0 1999 129 821.4444444444445 9
110 0.1 2981.0 0.0 2981 129 939.2 10
120 0.1 3101.0 0.0 3101 129 1124.8181818181818 11
130 0.1 4003.0 0.0 4003 129 1289.5 12
140 0.1 5605.0 0.0 5605 129 1498.2307692307693 13
150 0.1 6173.0 0.0 6173 129 1791.5714285714287 14
160 0.1 6586.0 0.0 6586 129 2083.6666666666665 15
170 0.1 7373.0 0.0 7373 129 2365.0625 16
180 0.1 8288.0 0.0 8288 129 2659.6470588235293 17
190 0.1 8587.0 0.0 8587 129 2972.3333333333335 18
200 0.1 12588.0 0.0 12588 129 3267.842105263158 19
210 0.1 14761.0 0.0 14761 129 3733.85 20
220 0.1 16037.0 0.0 16037 129 4258.952380952381 21
230 0.1 16834.0 0.0 16834 129 4794.318181818182 22
240 0.1 18865.0 0.0 18865 129 5317.782608695652 23
250 0.1 20085.0 0.0 20085 129 5882.25 24
260 0.1 17109.0 0.0 20085 129 6450.36 25
270 0.1 10124.0 0.0 20085 129 6860.307692307692 26
280 0.1 5747.0 0.0 20085 129 6981.185185185185 27
290 0.1 4192.0 0.0 20085 129 6937.107142857143 28
300 0.1 3808.0 0.0 20085 129 6842.448275862069 29
310 0.1 3413.0 0.0 20085 129 6741.3 30
320 0.1 4302.0 0.0 20085 129 6633.935483870968 31
330 0.1 5055.0 0.0 20085 129 6561.0625 32
340 0.1 6409.0 0.0 20085 129 6515.424242424242 33
350 0.1 7908.0 0.0 20085 129 6512.294117647059 34
360 0.1 8105.0 0.0 20085 129 6552.171428571429 35
370 0.1 55871.0 0.0 55871 129 6595.305555555556 36
380 0.1 89709.0 0.0 89709 129 7927.081081081081 37
390 0.1 107096.0 0.0 107096 129 10079.236842105263 38
400 0.1 138489.0 0.0 138489 129 12566.846153846154 39
410 0.1 155045.0 0.0 155045 129 15714.9 40
420 0.1 81086.0 0.0 155045 129 19113.19512195122 41
430 0.1 42132.0 0.0 155045 129 20588.738095238095 42
440 0.1 34545.0 0.0 155045 129 21089.74418604651 43
450 0.1 59112.0 0.0 155045 129 21395.545454545456 44
460 0.1 88206.0 0.0 155045 129 22233.68888888889 45
470 0.1 120055.0 0.0 155045 129 23667.869565217392 46
480 0.1 123916.0 0.0 155045 129 25718.659574468085 47
490 0.1 101442.0 0.0 155045 129 27764.4375 48
501 0.1 57523.0 0.0 155045 129 29268.061224489797 49
510 0.1 49427.0 0.0 155045 129 29833.16 50
521 0.1 55021.0 0.0 155045 129 30217.352941176472 51
530 0.1 76793.0 0.0 155045 129 30694.346153846152 52
540 0.1 74555.0 0.0 155045 129 31564.132075471698 53
550 0.1 45230.0 0.0 155045 129 32360.25925925926 54
560 0.1 12803.0 0.0 155045 129 32594.254545454547 55
570 0.1 3059.0 0.0 155045 129 32240.839285714286 56
580 0.1 318.0 0.0 155045 129 31728.877192982458 57
590 0.1 35.0 0.0 155045 35 31187.310344827587 58
599 0.1 3.0 0.0 155045 3 30659.305084745763 59
