0 0.2 3798.0865478515625 2332.0614013671875 6130.14794921875 1466.025146484375 0 0
10 0.3 9196.634928385416 4047.615840151432 12495.8818359375 1466.025146484375 3798.0865478515625 2
20 0.7 11665.218784877232 7549.010767158282 23347.157958984375 579.972900390625 7037.215576171875 5
30 0.5 13999.864306640626 8750.403183674101 27398.94482421875 579.972900390625 9736.884114583334 12
40 1.7 15857.909150965073 10446.449767882674 35620.18505859375 579.972900390625 10990.701818129595 17
50 1.5 14349.180924479168 6917.343890883841 35620.18505859375 579.972900390625 13424.305484547334 34
60 2.1 13345.023530505952 9914.474446299553 41308.970947265625 579.972900390625 13707.430619220344 49
70 2.8 12497.226222446987 8076.915548932844 41308.970947265625 579.972900390625 13598.708492606027 70
80 4.1 14318.515547589557 7437.946512709997 41308.970947265625 579.972900390625 13283.999272560586 98
90 3.3 15693.264256332859 9231.803906770983 41308.970947265625 579.972900390625 13589.144360878485 139
100 5 16693.487895507813 9479.34771679891 41308.970947265625 579.972900390625 13992.841782680778 172
110 8 15717.243951416016 8751.985575274008 44414.10693359375 579.972900390625 14601.095411695876 222
120 7.9 13003.276101414162 8676.817873013008 44414.10693359375 528.89892578125 14896.763899038959 302
130 9.9 12451.973822699652 8559.697402069296 44414.10693359375 528.89892578125 14504.150943625944 381
140 13.7 14116.545018105611 8328.317550395992 44414.10693359375 528.89892578125 14080.889412434895 480
150 16 14521.086891174316 8510.504015797089 44414.10693359375 317.991943359375 14088.806459399058 617
160 17.4 15030.085353807472 9247.182918791956 44414.10693359375 244.92919921875 14177.821734925496 777
170 18.5 15252.540394056163 9777.2281154543 48801.808837890625 244.92919921875 14333.756403364468 951
180 19 15622.183097759045 9143.353843946354 48801.808837890625 244.92919921875 14483.38231734155 1136
190 24.4 14427.963549004226 9762.469594082264 59078.177001953125 244.92919921875 14646.558899754313 1326
200 29.1 13546.599414733671 8431.276396000529 59078.177001953125 244.92919921875 14612.586119128186 1570
210 35.4 14859.918218407929 8973.773745120685 59078.177001953125 244.92919921875 14445.900395872515 1861
220 40.3 14782.722763478016 9111.881587228547 59078.177001953125 244.92919921875 14512.068481279981 2215
230 43.1 14558.807196880438 9446.2702694891 59078.177001953125 244.92919921875 14553.731459020932 2618
240 46.8 14741.755472819008 8962.555503938202 59078.177001953125 244.92919921875 14554.448954270996 3049
250 47.8 15137.6686695051 9286.661086625709 59078.177001953125 244.92919921875 14579.373449772978 3517
260 38.3 17700.298807089363 8416.711951169016 59078.177001953125 244.92919921875 14646.173228254067 3995
270 27.3 21262.981290600674 8723.817642929127 59078.177001953125 244.92919921875 14913.356895840618 4378
280 14.3 20637.9537737653 11103.72701915573 59078.177001953125 244.92919921875 15286.06114433976 4651
290 11.9 18095.33575695903 11109.244946775769 59078.177001953125 244.92919921875 15445.702497282573 4794
300 8.4 15861.842110770089 10226.976081952404 59078.177001953125 244.92919921875 15509.88046551003 4913
310 10.9 16854.693975326125 10902.886675179841 59078.177001953125 244.92919921875 15515.796971053725 4997
320 10.7 14652.01797057535 8765.467178910394 59078.177001953125 244.92919921875 15544.37898700862 5106
330 12.1 13688.860654216167 9991.22734376242 59078.177001953125 244.92919921875 15526.062733650024 5213
340 16.7 13945.384015660089 9019.510974671979 59078.177001953125 244.92919921875 15484.386421011948 5334
350 17.9 14470.93497539499 9263.315221446634 59078.177001953125 244.92919921875 15437.665206379379 5501
360 33.5 9788.888427005599 9269.941187346492 59078.177001953125 244.92919921875 15407.199588184625 5680
370 161.8 7903.4314370738875 5548.1308260783835 59078.177001953125 67.7109375 15094.29281528438 6015
380 321.7 12164.534757899333 6684.230498000546 59078.177001953125 67.7109375 13570.014849878304 7633
390 438.8 15380.861951440267 8606.62081038636 59175.9541015625 67.7109375 13153.293241039932 10850
400 630.9 13586.977391974458 10104.408410976157 59175.9541015625 60.740966796875 13794.753504935237 15238
410 678.3 14835.903912397618 9667.688538349961 59698.44189453125 60.740966796875 13733.916288771989 21547
420 547.9 18806.864143918865 11047.915284538482 61264.498046875 60.740966796875 13997.763166677129 28330
430 281.4 20501.296490396064 14814.07692754155 74751.98608398438 60.740966796875 14777.113761320787 33809
440 157.4 16775.303845881794 16480.526192378336 74751.98608398438 60.740966796875 15216.942562883134 36623
450 230.7 12527.426218628934 10574.185284878662 74751.98608398438 60.740966796875 15281.15861805605 38197
460 357.2 13789.449670874928 8964.348622608719 74751.98608398438 60.740966796875 15124.31335226802 40504
470 499.7 14900.511211560915 9332.31058358813 74751.98608398438 60.740966796875 15016.133547613876 44076
480 556.7 16582.910560329703 9414.586256699058 74751.98608398438 60.740966796875 15004.359969205043 49073
490 524.8 17570.7842451886 10616.974609324769 74751.98608398438 60.740966796875 15165.190700185844 54640
501 324 20393.288683931303 11590.214483583177 74751.98608398438 60.740966796875 15375.99344738352 59888
510 309.2 20382.003334114568 12761.923815288026 74751.98608398438 60.740966796875 15633.502580674845 63128
521 240.4 20424.50726470694 13913.492204345679 74751.98608398438 60.740966796875 15855.223576290002 66220
530 295.4 18966.453157067215 12968.776617005102 74751.98608398438 60.740966796875 16015.292327557116 68624
540 309 20312.37526578938 10261.102701916834 74751.98608398438 60.740966796875 16137.085742997235 71578
550 257.7 26309.642607020185 7384.956861877662 74751.98608398438 60.740966796875 16309.872540894967 74668
560 109.6 32859.21387632051 6627.571013126848 74751.98608398438 60.740966796875 16643.47869612061 77245
570 27.1 41520.47336164525 6112.896471764244 74751.98608398438 60.740966796875 16870.33877905929 78341
580 4 50592.62623291016 5212.970495729231 74751.98608398438 60.740966796875 16955.315455290413 78612
590 0.5 62417.7849609375 9389.686312528716 80805.2060546875 60.740966796875 16972.422362058263 78652
599 0.1 66990.15600585938 0.0 80805.2060546875 60.740966796875 16975.311193478152 78657
