0 106.5875 106.5875
10 435.303125 541.890625
20 407.11875 949.009375
30 516.1609375 1465.1703125
40 826.87578125 2292.04609375
50 912.28984375 3204.3359375
60 1142.740625 4347.0765625
70 2095.40625 6442.4828125
80 2348.08671875 8790.56953125
90 2395.05546875 11185.625
100 3612.0109375 14797.6359375
110 3279.0859375 18076.721875
120 4701.91953125 22778.64140625
130 6577.2765625 29355.91796875
140 7171.7078125 36527.62578125
150 7994.49296875 44522.11875
160 8667.334375 53189.453125
170 9999.78203125 63189.23515625
180 9945.73046875 73134.965625
190 13371.4703125 86506.4359375
200 17305.35703125 103811.79296875
210 18895.83203125 122707.625
220 19216.8765625 141924.5015625
230 21196.29453125 163120.79609375
240 21951.33359375 185072.1296875
250 21804.66171875 206876.79140625
260 15363.84140625 222240.6328125
270 7303.7078125 229544.340625
280 5350.9265625 234895.2671875
290 4583.5640625 239478.83125
300 4264.12421875 243742.95546875
310 4949.40390625 248692.359375
320 5600.4234375 254292.7828125
330 7123.05546875 261415.83828125
340 8994.07578125 270409.9140625
350 9584.9671875 279994.88125
360 28125.29921875 308120.18046875
370 39437.45 347557.63046875
380 39930.0046875 387487.63515625
390 41116.178125 428603.81328125
400 50998.0953125 479601.90859375
410 35714.365625 515316.27421875
420 35424.41796875 550740.6921875
430 33840.2734375 584580.965625
440 35663.03046875 620243.99609375
450 39727.5875 659971.58359375
460 43773.7234375 703745.30703125
470 45618.04140625 749363.3484375
480 41885.61640625 791248.96484375
490 39481.71484375 830730.6796875
501 24225.971875 854956.6515625
510 35175.3015625 890131.953125
521 48164.215625 938296.16875
530 35185.25546875 973481.42421875
540 31826.471875 1005307.89609375
550 27816.5890625 1033124.48515625
560 5069.53046875 1038194.015625
570 638.459375 1038832.475
580 74.93125 1038907.40625
590 13.69609375 1038921.10234375
599 0.915625 1038922.01796875
