0 10.33203125 10.33203125
10 48.0265625 58.35859375
20 50.996875 109.35546875
30 61.3125 170.66796875
40 99.0734375 269.74140625
50 101.0046875 370.74609375
60 132.31796875 503.0640625
70 226.978125 730.0421875
80 285.7171875 1015.759375
90 271.55703125 1287.31640625
100 430.1875 1717.50390625
110 400.7703125 2118.27421875
120 530.42421875 2648.6984375
130 747.2453125 3395.94375
140 872.284375 4268.228125
150 936.05390625 5204.28203125
160 1034.75703125 6239.0390625
170 1195.67734375 7434.71640625
180 1231.121875 8665.83828125
190 1538.55390625 10204.3921875
200 2076.48359375 12280.87578125
210 2310.91875 14591.79453125
220 2327.88203125 16919.6765625
230 2541.11328125 19460.78984375
240 2625.5578125 22086.34765625
250 2682.53984375 24768.8875
260 2029.803125 26798.690625
270 1030.55546875 27829.24609375
280 693.10859375 28522.3546875
290 572.45546875 29094.81015625
300 522.5546875 29617.36484375
310 588.09765625 30205.4625
320 672.3328125 30877.7953125
330 835.46953125 31713.26484375
340 1056.3734375 32769.63828125
350 1126.56328125 33896.2015625
360 3628.7625 37524.9640625
370 12851.9578125 50376.921875
380 19637.2453125 70014.1671875
390 21381.15078125 91395.31796875
400 29061.15859375 120456.4765625
410 24252.48984375 144708.96640625
420 12046.33828125 156755.3046875
430 6252.96953125 163008.27421875
440 7609.41640625 170617.690625
450 15168.09765625 185785.78828125
460 21236.27734375 207022.065625
470 25966.53125 232988.596875
480 24397.50625 257386.103125
490 20540.2875 277926.390625
501 9742.52265625 287668.91328125
510 10040.38828125 297709.3015625
521 13764.52734375 311473.82890625
530 16814.5203125 328288.34921875
540 16736.5578125 345024.90703125
550 7936.9296875 352961.83671875
560 1916.83359375 354878.6703125
570 323.95078125 355202.62109375
580 43.68984375 355246.3109375
590 5.02109375 355251.33203125
599 0.85078125 355252.1828125
