0 9 9
10 13 13
20 13 14
30 22 23
40 29 30
50 25 30
60 48 49
70 70 70
80 65 73
90 97 97
100 112 124
110 112 124
120 168 169
130 230 230
140 260 278
150 258 278
160 297 298
170 322 323
180 347 350
190 484 485
200 574 575
210 593 623
220 672 682
230 723 724
240 759 770
250 670 771
260 386 771
270 218 771
280 174 771
290 148 771
300 166 771
310 161 771
320 177 771
330 263 771
340 294 771
350 314 771
360 3100 3101
370 6213 6216
380 7658 7663
390 9298 9301
400 12425 13924
410 6745 13924
420 2757 13924
430 2304 13924
440 4244 13924
450 6498 13924
460 9027 13924
470 9935 13924
480 8748 13924
490 6089 13924
501 5114 13924
510 5059 13924
521 6850 13924
530 7080 13924
540 3990 13924
550 1413 13924
560 317 13924
570 46 13924
580 6 13924
590 1 13924
599 0 13924
