0 1.1 11
10 0.7 18
20 0.7 25
30 1.4 39
40 2.4 63
50 1.1 74
60 4.4 118
70 5 168
80 3.6 204
90 6.5 269
100 6.5 334
110 8 414
120 13.5 549
130 16.1 710
140 16.7 877
150 15.8 1035
160 21.3 1248
170 21 1458
180 21.5 1673
190 38.1 2054
200 38.1 2435
210 37.3 2808
220 48.2 3290
230 48.2 3772
240 50.4 4276
250 38.9 4665
260 9.9 4764
270 10.5 4869
280 9.9 4968
290 9.3 5061
300 10.2 5163
310 10.4 5267
320 12.3 5390
330 20.7 5597
340 19.8 5795
350 19.9 5994
360 312.1 9115
370 473.1 13846
380 466.2 18508
390 602.8 24536
400 943.6 33972
410 110.3 35075
420 149.1 36566
430 236.1 38927
440 351.4 42441
450 456.1 47002
460 610.1 53103
470 590.5 59008
480 438 63388
490 258.9 65977
501 226.5 68242
510 303.7 71279
521 419.5 75474
530 318.4 78658
540 0 78658
550 0 78658
560 0 78658
570 0 78658
580 0 78658
590 0 78658
599 0 78658
