0 2.1 21
10 3.3 54
20 4.2 96
30 2.4 120
40 8.1 201
50 8.8 289
60 12.1 410
70 16.4 574
80 17.3 747
90 16.8 915
100 26.9 1184
110 28.7 1471
120 51.7 1988
130 62.1 2609
140 57.6 3185
150 68.7 3872
160 80.7 4679
170 69.8 5377
180 88.8 6265
190 141.3 7678
200 152.2 9200
210 151.7 10717
220 181.9 12536
230 199.1 14527
240 167.1 16198
250 196.7 18165
260 234 20505
270 212.8 22633
280 227 24903
290 241.3 27316
300 259.5 29911
310 264.6 32557
320 273.4 35291
330 295.9 38250
340 307.9 41329
350 315.5 44484
360 308.7 47571
370 351.8 51089
380 326 54349
390 329.1 57640
400 355.7 61197
410 367.7 64874
420 377.6 68650
430 423.5 72885
440 445.1 77336
450 438.5 81721
460 456.8 86289
470 448.4 90773
480 434.1 95114
490 426.9 99383
500 491.2 104295
510 443.1 108726
520 448.5 113211
530 404.2 117253
540 306.5 120318
550 68 120998
