0 1.3 13
10 2.1 34
20 3 64
30 0.7 71
40 5 121
50 6.1 182
60 5.2 234
70 9.6 330
80 8.6 416
90 10.7 523
100 14.3 666
110 18.2 848
120 30.5 1153
130 37.2 1525
140 36.7 1892
150 39 2282
160 50.1 2783
170 41.7 3200
180 50.2 3702
190 83.5 4537
200 87.2 5409
210 89.7 6306
220 107.3 7379
230 117.4 8553
240 104.4 9597
250 112.8 10725
260 139 12115
270 136.7 13482
280 134.8 14830
290 145.7 16287
300 151.7 17804
310 157.4 19378
320 158.4 20962
330 169.4 22656
340 182.9 24485
350 195 26435
360 186.1 28296
370 211.1 30407
380 206.7 32474
390 195.3 34427
400 219.4 36621
410 224.2 38863
420 231.8 41181
430 245.7 43638
440 257.5 46213
450 263.7 48850
460 278.9 51639
470 303.2 54671
480 308.8 57759
490 295.9 60718
500 325.2 63970
510 334.5 67315
520 364.6 70961
530 374 74701
540 381.1 78512
550 146.4 79976
