10 0.2 2
20 0.2 4
30 0.1 5
40 0.4 9
50 0.3 12
60 0.6 18
70 0.6 24
80 0.8 32
90 0.4 36
100 1.3 49
110 0.7 56
120 1.2 68
130 3.2 100
140 2.1 121
150 2.4 145
160 3.1 176
170 2.8 204
180 4.1 245
190 6.7 312
200 7 382
210 6.2 444
220 8.9 533
230 9.9 632
240 7.4 706
250 7.9 785
260 9.4 879
270 8.8 967
280 9.6 1063
290 12.2 1185
300 10.6 1291
310 12.9 1420
320 11.7 1537
330 13.8 1675
340 14.5 1820
350 13.3 1953
360 13.1 2084
370 16 2244
380 13.1 2375
390 15.4 2529
400 15.3 2682
410 14.8 2830
420 15.1 2981
430 15.8 3139
440 15.7 3296
450 16.4 3460
460 15.5 3615
470 13.1 3746
480 12.2 3868
490 15.6 4024
500 10.2 4126
510 8.2 4208
520 6.9 4277
530 7.7 4354
540 16.2 4516
550 1 4526
