0 1 8.902685546875 22.689372151793403 76.967041015625 0.950927734375 0 0
10 1.2 1.337158203125 0.23241253574959006 76.967041015625 0.950927734375 8.902685546875 10
20 0.8 1.349761962890625 0.2795949542384309 76.967041015625 0.841064453125 4.776034268465909 22
30 1 1.3541748046875 0.21643624906869646 76.967041015625 0.841064453125 3.8623616536458334 30
40 2.5 1.319345703125 0.3178989604120575 76.967041015625 0.841064453125 3.23531494140625 40
50 2.5 1.273369140625 0.27299311266584786 76.967041015625 0.738037109375 2.4984036959134617 65
60 3.3 1.5448109019886365 1.631947705931699 76.967041015625 0.738037109375 2.1581163194444444 90
70 5.1 1.2733656939338236 0.25829767413313753 76.967041015625 0.738037109375 1.9935709635416667 123
80 3.6 1.1755235460069444 0.24437851870256733 76.967041015625 0.738037109375 1.7824763155531609 174
90 5.6 1.2173810686383935 0.26469025984160016 76.967041015625 0.737060546875 1.678427269345238 210
100 7.7 1.2746962510146103 0.25901057889809004 76.967041015625 0.737060546875 1.5813649113016917 266
110 7.5 1.2262272135416667 0.24449896804983584 76.967041015625 0.737060546875 1.5125209263392858 343
120 15.6 1.2491940229366991 0.6422757508686667 76.967041015625 0.737060546875 1.461152437200957 418
130 16.1 1.2253084360442554 0.25399094219850843 76.967041015625 0.737060546875 1.4035470145089286 574
140 16.3 1.225266907112731 0.2524704136199641 76.967041015625 0.737060546875 1.3645042782738097 735
150 19.3 1.2221325493847153 0.30406413970712015 76.967041015625 0.737060546875 1.3392306797222997 898
160 20 1.2122167968749997 0.24335684766115293 76.967041015625 0.737060546875 1.3185157950704631 1091
170 16.2 1.1924235026041665 0.237806887969572 76.967041015625 0.737060546875 1.302048095892235 1291
180 28.4 1.2115891147667253 0.2805163125463794 76.967041015625 0.72900390625 1.289825670487784 1453
190 39.3 1.1881802391459935 0.25212828211318306 76.967041015625 0.7021484375 1.2770339711067933 1737
200 40 1.201962890625002 0.41596521044510465 76.967041015625 0.693115234375 1.2606398318295189 2130
210 42.2 1.1797129554206154 0.33803487059311016 76.967041015625 0.681884765625 1.2513628450778167 2530
220 49.7 1.1460594622422027 0.25567752895779633 76.967041015625 0.681884765625 1.2411202118002629 2952
230 53.7 1.1782863055749537 0.2569377833455076 76.967041015625 0.681884765625 1.227421982594593 3449
240 41.4 1.1763851147342987 0.4006479534606003 76.967041015625 0.681884765625 1.220802349237958 3986
250 53.9 1.1487224062210104 0.2568921900521149 76.967041015625 0.650146484375 1.2166230912642046 4400
260 63.1 1.1261831727912042 0.24558074216217884 76.967041015625 0.650146484375 1.2092129942327647 4939
270 55.3 1.144919755877033 0.25258954845843623 76.967041015625 0.650146484375 1.1998069228989003 5570
280 59.9 1.6888148541840573 5.844601266464452 82.195068359375 0.650146484375 1.1948497771593785 6123
290 66.2 2.668392123772657 38.72055270007948 998.14794921875 0.650146484375 1.238867194763928 6722
300 67.4 1.1461855381815642 0.34853551920327625 998.14794921875 0.616943359375 1.3670288284318286 7384
310 67 1.1575891295475733 0.2465990821442999 998.14794921875 0.616943359375 1.3485567041294364 8058
320 72.5 1.1681250000000012 0.2855100916059109 998.14794921875 0.616943359375 1.333897185915659 8728
330 78.5 1.1829325487659228 0.4287251522219831 998.14794921875 0.616943359375 1.3211832501504148 9453
340 80.8 1.20059083239867 0.6668987934227458 998.14794921875 0.616943359375 1.3105828593917876 10238
350 80.7 1.1885836576440523 0.6534868552700714 998.14794921875 0.616943359375 1.3025370909859901 11046
360 87.3 1.182465613366264 0.7037107770746089 998.14794921875 0.616943359375 1.294778682084704 11853
370 93.2 1.1556145009053127 0.2549430319883854 998.14794921875 0.616943359375 1.28707403734235 12726
380 83.4 1.191831593319095 0.3784608690777877 998.14794921875 0.616943359375 1.278103449557951 13658
390 92.3 1.2657130810705566 0.6295257620752253 998.14794921875 0.616943359375 1.2731385911461925 14492
400 92.5 1.1562370671452677 0.2973740433092761 998.14794921875 0.616943359375 1.2726939757845441 15415
410 97.6 2.1886449094678544 31.905559216426038 998.407958984375 0.616943359375 1.2661014029270574 16340
420 103.1 1.1758103763791208 0.5981440083728345 998.407958984375 0.616943359375 1.318099697128017 17316
430 139.6 1.129605793338109 0.2592093255378441 998.407958984375 0.616943359375 1.3101038237049991 18347
440 140.2 1.132134583129014 0.28237645718318083 998.407958984375 0.616943359375 1.2973410596675083 19743
450 146.7 1.1704905379281687 0.3275876480803276 998.407958984375 0.616943359375 1.2863871944460863 21145
460 162.3 1.1926287582312844 0.6323979345730529 998.407958984375 0.616943359375 1.2788681605211003 22612
470 190.9 1.1820809477720655 0.6475141462536415 998.407958984375 0.616943359375 1.2730927716242004 24235
480 184 1.1464244013247293 0.27281127746774547 998.407958984375 0.616943359375 1.266447209669881 26144
490 181.2 1.1939621813776224 0.6497380719101331 998.407958984375 0.616943359375 1.258555486994242 27984
500 361.9 1.181913234081414 0.6626238856370664 998.407958984375 0.616943359375 1.2546273399349952 29796
510 377 1.234345146199437 0.9175122508282098 998.407958984375 0.533935546875 1.2467520638887852 33415
520 395.7 1.1851818671815755 0.4779709612325487 998.407958984375 0.533935546875 1.2454941889475766 37185
530 263.5 1.1547439256700691 0.2657991668755406 998.407958984375 0.533935546875 1.2396934049013932 41142
540 0 0 0 998.407958984375 0.533935546875 1.2345801747171745 43777
550 0 0 0 998.407958984375 0.533935546875 1.2345801747171745 43777
