0 5 5
10 7 2
20 4 -3
30 12 8
40 16 4
50 18 2
60 24 6
70 33 9
80 29 -4
90 39 10
100 55 16
110 65 10
120 108 43
130 114 6
140 126 12
150 164 38
160 155 -9
170 154 -1
180 226 72
190 263 37
200 292 29
210 332 40
220 374 42
230 391 17
240 345 -46
250 410 65
260 466 56
270 426 -40
280 448 22
290 486 38
300 523 37
310 527 4
320 589 62
330 621 32
340 646 25
350 620 -26
360 684 64
370 701 17
380 651 -50
390 750 99
400 722 -28
410 750 28
420 784 34
430 1177 393
440 1508 331
450 1759 251
460 1991 232
470 2176 185
480 2165 -11
490 2233 68
500 3164 931
510 3471 307
520 3632 161
530 2748 -884
540 939 -1809
550 313 -626
