0 0.1 0.16313939919914203 0 0.16313939919914203 0.16313939919914203 0 0
10 0.1 0.2730883813306852 0.0 0.2730883813306852 0.16313939919914203 0.16313939919914203 1
20 0.1 0.1862428606903402 0.0 0.2730883813306852 0.16313939919914203 0.21811389026491362 2
30 0.1 0.18615040953090098 0.0 0.2730883813306852 0.16313939919914203 0.20749021374005583 3
40 0.1 0.16137040714995035 0.0 0.2730883813306852 0.16137040714995035 0.20215526268776712 4
50 0.1 0.2853598014888338 0.0 0.2853598014888338 0.16137040714995035 0.19399829158020376 5
60 0.1 0.260707635009311 0.0 0.2853598014888338 0.16137040714995035 0.20922520989830876 6
70 0.1 0.42194092827004215 0.0 0.42194092827004215 0.16137040714995035 0.21657984205702335 7
80 0.1 0.4469828656568165 0.0 0.4469828656568165 0.16137040714995035 0.2422499778336507 8
90 0.1 0.39717016259153526 0.0 0.4469828656568165 0.16137040714995035 0.26499807648066914 9
100 0.1 1.5760734673616283 0.0 1.5760734673616283 0.16137040714995035 0.27821528509175575 10
110 0.1 1.7752948479205461 0.0 1.7752948479205461 0.16137040714995035 0.3962023925708351 11
120 0.1 0.782025819265144 0.0 1.7752948479205461 0.16137040714995035 0.5111267638499777 12
130 0.1 1.3017604760724026 0.0 1.7752948479205461 0.16137040714995035 0.5319651527280673 13
140 0.1 1.6608824987605353 0.0 1.7752948479205461 0.16137040714995035 0.5869505329669484 14
150 0.1 1.52624395086239 0.0 1.7752948479205461 0.16137040714995035 0.6585459973531875 15
160 0.1 1.7976692288618894 0.0 1.7976692288618894 0.16137040714995035 0.7127771194475128 16
170 0.1 2.0195762606864083 0.0 2.0195762606864083 0.16137040714995035 0.7765943023542408 17
180 0.1 1.7755152719145766 0.0 2.0195762606864083 0.16137040714995035 0.8456488555949168 18
190 0.1 2.7107315261789826 0.0 2.7107315261789826 0.16137040714995035 0.8945891932959514 19
200 0.1 3.8532789922193404 0.0 3.8532789922193404 0.16137040714995035 0.985396309940103 20
210 0.1 4.52248921749846 0.0 4.52248921749846 0.16137040714995035 1.1219621519534 21
220 0.1 4.36498150431566 0.0 4.52248921749846 0.16137040714995035 1.27653156402363 22
230 0.1 5.908979691705407 0.0 5.908979691705407 0.16137040714995035 1.41081199621024 23
240 0.1 5.634149341862468 0.0 5.908979691705407 0.16137040714995035 1.5982356501892052 24
250 0.1 5.277368679430535 0.0 5.908979691705407 0.16137040714995035 1.7596721978561356 25
260 0.1 5.883075411446819 0.0 5.908979691705407 0.16137040714995035 1.894968216378228 26
270 0.1 6.722276741903828 0.0 6.722276741903828 0.16137040714995035 2.042675890269657 27
280 0.1 5.8179581795817965 0.0 6.722276741903828 0.16137040714995035 2.2098044921137343 28
290 0.1 6.68465595486324 0.0 6.722276741903828 0.16137040714995035 2.3342235847850468 29
300 0.1 6.665030072419295 0.0 6.722276741903828 0.16137040714995035 2.479237997120987 30
310 0.1 7.02012763868434 0.0 7.02012763868434 0.16137040714995035 2.6142635479370613 31
320 0.1 6.919011920855351 0.0 7.02012763868434 0.16137040714995035 2.751946800772914 32
330 0.1 8.692476260043827 0.0 8.692476260043827 0.16137040714995035 2.8782215013814727 33
340 0.1 9.176212527418961 0.0 9.176212527418961 0.16137040714995035 3.049228994283307 34
350 0.1 10.00363768643143 0.0 10.00363768643143 0.16137040714995035 3.224285666658611 35
360 0.1 10.129336395503445 0.0 10.129336395503445 0.16137040714995035 3.4126010005411893 36
370 0.1 10.51167291641466 0.0 10.51167291641466 0.16137040714995035 3.594134389594224 37
380 0.1 11.440626883664859 0.0 11.440626883664859 0.16137040714995035 3.7761748771421297 38
390 0.1 10.864584589412758 0.0 11.440626883664859 0.16137040714995035 3.9726992875657894 39
400 0.1 10.44703595724004 0.0 11.440626883664859 0.16137040714995035 4.144996420111964 40
410 0.1 11.623705131293665 0.0 11.623705131293665 0.16137040714995035 4.298704701505332 41
420 0.1 12.436974789915967 0.0 12.436974789915967 0.16137040714995035 4.47310947364315 42
430 0.1 12.624624624624625 0.0 12.624624624624625 0.16137040714995035 4.658315643789029 43
440 0.1 14.646946564885496 0.0 14.646946564885496 0.16137040714995035 4.839368120626202 44
450 0.1 14.771913064246478 0.0 14.771913064246478 0.16137040714995035 5.057314308276409 45
460 0.1 15.933412604042807 0.0 15.933412604042807 0.16137040714995035 5.268501237754019 46
470 0.1 17.871082199881727 0.0 17.871082199881727 0.16137040714995035 5.495414245547398 47
480 0.1 19.77620730270907 0.0 19.77620730270907 0.16137040714995035 5.753240661262697 48
490 0.1 18.12152078645031 0.0 19.77620730270907 0.16137040714995035 6.039423653945275 49
500 0.1 20.84656084656085 0.0 20.84656084656085 0.16137040714995035 6.2810655965953766 50
510 0.1 29.782558408512607 0.0 29.782558408512607 0.16137040714995035 6.5666635426731315 51
520 0.1 30.20487581549731 0.0 30.20487581549731 0.16137040714995035 7.01312305932389 52
530 0.1 29.60617227084293 0.0 30.20487581549731 0.16137040714995035 7.450703300006408 53
540 0.1 19.198486818772906 0.0 30.20487581549731 0.16137040714995035 7.860989762429306 54
550 0.1 8.674026446682033 0.0 30.20487581549731 0.16137040714995035 8.067126072544644 55
