0 0.1 1
10 0.4 5
20 0 5
30 0 5
40 0.6 11
50 0.2 13
60 0.3 16
70 1.2 28
80 0.3 31
90 1.3 44
100 1.3 57
110 0.6 63
120 1.7 80
130 2.7 107
140 3.1 138
150 2.6 164
160 3.5 199
170 2.5 224
180 3.6 260
190 7.2 332
200 5.6 388
210 6.8 456
220 7.7 533
230 8.5 618
240 9.9 717
250 7.1 788
260 10 888
270 10.1 989
280 9 1079
290 10.3 1182
300 10.1 1283
310 10.2 1385
320 11.4 1499
330 12.3 1622
340 15.2 1774
350 13.8 1912
360 14.8 2060
370 17 2230
380 15.5 2385
390 14.1 2526
400 17.8 2704
410 16.2 2866
420 18.8 3054
430 23.4 3288
440 21.3 3501
450 21.8 3719
460 27.7 3996
470 31.1 4307
480 33.1 4638
490 29.1 4929
500 52.6 5455
510 62.4 6079
520 71 6789
530 57.3 7362
540 4.9 7411
550 0 7411
