0 0.5 5
10 1 15
20 1.1 26
30 0.2 28
40 2.2 50
50 2.4 74
60 2.6 100
70 4.5 145
80 3.9 184
90 4.6 230
100 6.3 293
110 6 353
120 11.6 469
130 15.3 622
140 15.4 776
150 15.3 929
160 20.9 1138
170 16.3 1301
180 21.5 1516
190 35.3 1869
200 37.2 2241
210 38.2 2623
220 45.4 3077
230 52 3597
240 47.7 4074
250 48.1 4555
260 57.7 5132
270 58.5 5717
280 58.3 6300
290 62.1 6921
300 63.6 7557
310 66.2 8219
320 67 8889
330 75.2 9641
340 78.7 10428
350 83.2 11260
360 80.7 12067
370 90.9 12976
380 88.7 13863
390 83 14693
400 93.8 15631
410 95 16581
420 100.2 17583
430 99.1 18574
440 107.5 19649
450 122.4 20873
460 137.8 22251
470 172.5 23976
480 184.5 25821
490 183.9 27660
500 274.6 30406
510 347.5 33881
520 378.8 37669
530 346 41129
540 173.8 42867
550 60.7 43474
