0 0.1 29465.24609375 0 29465.24609375 29465.24609375 0 0
10 0.1 29463.33203125 0.0 29465.24609375 29463.33203125 29465.24609375 1
20 0.1 29461.80078125 0.0 29465.24609375 29461.80078125 29464.2890625 2
30 0.1 29460.60546875 0.0 29465.24609375 29460.60546875 29463.459635416668 3
40 0.1 29460.5 0.0 29465.24609375 29460.5 29462.74609375 4
50 0.1 29459.30859375 0.0 29465.24609375 29459.30859375 29462.296875 5
60 0.1 29457.35546875 0.0 29465.24609375 29457.35546875 29461.798828125 6
70 0.1 29450.6484375 0.0 29465.24609375 29450.6484375 29461.1640625 7
80 0.1 29449.9765625 0.0 29465.24609375 29449.9765625 29459.849609375 8
90 0.1 29449.23828125 0.0 29465.24609375 29449.23828125 29458.752604166668 9
100 0.1 29447.94140625 0.0 29465.24609375 29447.94140625 29457.801171875 10
110 0.1 29441.6640625 0.0 29465.24609375 29441.6640625 29456.904829545456 11
120 0.1 29437.65234375 0.0 29465.24609375 29437.65234375 29455.634765625 12
130 0.1 29428.09765625 0.0 29465.24609375 29428.09765625 29454.251502403848 13
140 0.1 29422.17578125 0.0 29465.24609375 29422.17578125 29452.383370535714 14
150 0.1 29421.7890625 0.0 29465.24609375 29421.7890625 29450.36953125 15
160 0.1 29415.31640625 0.0 29465.24609375 29415.31640625 29448.583251953125 16
170 0.1 29413.44140625 0.0 29465.24609375 29413.44140625 29446.626378676472 17
180 0.1 29411.65234375 0.0 29465.24609375 29411.65234375 29444.782769097223 18
190 0.1 29406.796875 0.0 29465.24609375 29406.796875 29443.0390625 19
200 0.1 29385.51953125 0.0 29465.24609375 29385.51953125 29441.226953125 20
210 0.1 29370.50390625 0.0 29465.24609375 29370.50390625 29438.57421875 21
220 0.1 29360.92578125 0.0 29465.24609375 29360.92578125 29435.480113636364 22
230 0.1 29354.62109375 0.0 29465.24609375 29354.62109375 29432.238620923912 23
240 0.1 29341.828125 0.0 29465.24609375 29341.828125 29429.004557291668 24
250 0.1 29348.48046875 0.0 29465.24609375 29341.828125 29425.5175 25
260 0.1 29346.9609375 0.0 29465.24609375 29341.828125 29422.554537259617 26
270 0.1 29322.90234375 0.0 29465.24609375 29322.90234375 29419.754774305555 27
280 0.1 29327.62890625 0.0 29465.24609375 29322.90234375 29416.295758928572 28
290 0.1 29328.140625 0.0 29465.24609375 29322.90234375 29413.23828125 29
300 0.1 29332.37890625 0.0 29465.24609375 29322.90234375 29410.401692708332 30
310 0.1 29310.0078125 0.0 29465.24609375 29310.0078125 29407.884828629034 31
320 0.1 29307.015625 0.0 29465.24609375 29307.015625 29404.826171875 32
330 0.1 29279.453125 0.0 29465.24609375 29279.453125 29401.862215909092 33
340 0.1 29279.27734375 0.0 29465.24609375 29279.27734375 29398.261948529413 34
350 0.1 29270.6640625 0.0 29465.24609375 29270.6640625 29394.862388392856 35
360 0.1 29267.24609375 0.0 29465.24609375 29267.24609375 29391.412434895832 36
370 0.1 29251.08984375 0.0 29465.24609375 29251.08984375 29388.056587837837 37
380 0.1 29251.2578125 0.0 29465.24609375 29251.08984375 29384.452199835527 38
390 0.1 29247.421875 0.0 29465.24609375 29247.421875 29381.036959134617 39
400 0.1 29239.51953125 0.0 29465.24609375 29239.51953125 29377.69658203125 40
410 0.1 29248.6328125 0.0 29465.24609375 29239.51953125 29374.326410060974 41
420 0.1 29243.515625 0.0 29465.24609375 29239.51953125 29371.33370535714 42
430 0.1 29225.015625 0.0 29465.24609375 29225.015625 29368.361191860466 43
440 0.1 29147.40625 0.0 29465.24609375 29147.40625 29365.10333806818 44
450 0.1 29076.27734375 0.0 29465.24609375 29076.27734375 29360.265625 45
460 0.1 29050.13671875 0.0 29465.24609375 29050.13671875 29354.091966711956 46
470 0.1 29017.73046875 0.0 29465.24609375 29017.73046875 29347.624833776597 47
480 0.1 28993.92578125 0.0 29465.24609375 28993.92578125 29340.752034505207 48
490 0.1 28964.99609375 0.0 29465.24609375 28964.99609375 29333.673947704083 49
500 0.1 28960.78125 0.0 29465.24609375 28960.78125 29326.300390625 50
510 0.1 28896.14453125 0.0 29465.24609375 28896.14453125 29319.13334865196 51
520 0.1 28857.625 0.0 29465.24609375 28857.625 29310.99894831731 52
530 0.1 28853.30859375 0.0 29465.24609375 28853.30859375 29302.444722877357 53
540 0.1 28868.2421875 0.0 29465.24609375 28853.30859375 29294.127387152777 54
550 0.1 28926.390625 0.0 29465.24609375 28853.30859375 29286.384019886365 55
