0 0.1 0.078125 0 0.078125 0.078125 0 0
10 0.1 0.0703125 0.0 0.078125 0.0703125 0.078125 1
20 0.1 0.05859375 0.0 0.078125 0.05859375 0.07421875 2
30 0.1 0.05078125 0.0 0.078125 0.05078125 0.06901041666666667 3
40 0.1 0.0390625 0.0 0.078125 0.0390625 0.064453125 4
50 0.1 0.0390625 0.0 0.078125 0.0390625 0.059375 5
60 0.1 0.03125 0.0 0.078125 0.03125 0.055989583333333336 6
70 0.1 0.03125 0.0 0.078125 0.03125 0.052455357142857144 7
80 0.1 0.1796875 0.0 0.1796875 0.03125 0.0498046875 8
90 0.1 0.1484375 0.0 0.1796875 0.03125 0.0642361111111111 9
100 0.1 0.2109375 0.0 0.2109375 0.03125 0.07265625 10
110 0.1 0.171875 0.0 0.2109375 0.03125 0.08522727272727272 11
120 0.1 0.1484375 0.0 0.2109375 0.03125 0.09244791666666667 12
130 0.1 0.12109375 0.0 0.2109375 0.03125 0.0967548076923077 13
140 0.1 0.109375 0.0 0.2109375 0.03125 0.09849330357142858 14
150 0.1 0.08984375 0.0 0.2109375 0.03125 0.09921875 15
160 0.1 0.078125 0.0 0.2109375 0.03125 0.0986328125 16
170 0.1 0.05859375 0.0 0.2109375 0.03125 0.0974264705882353 17
180 0.1 0.05078125 0.0 0.2109375 0.03125 0.09526909722222222 18
190 0.1 0.05078125 0.0 0.2109375 0.03125 0.09292763157894737 19
200 0.1 0.19140625 0.0 0.2109375 0.03125 0.0908203125 20
210 0.1 0.30078125 0.0 0.30078125 0.03125 0.09561011904761904 21
220 0.1 0.26171875 0.0 0.30078125 0.03125 0.10493607954545454 22
230 0.1 0.21875 0.0 0.30078125 0.03125 0.11175271739130435 23
240 0.1 0.1796875 0.0 0.30078125 0.03125 0.1162109375 24
250 0.1 0.16015625 0.0 0.30078125 0.03125 0.11875 25
260 0.1 0.2109375 0.0 0.30078125 0.03125 0.12034254807692307 26
270 0.1 0.25 0.0 0.30078125 0.03125 0.12369791666666667 27
280 0.1 0.2890625 0.0 0.30078125 0.03125 0.12820870535714285 28
290 0.1 0.328125 0.0 0.328125 0.03125 0.13375538793103448 29
300 0.1 0.5 0.0 0.5 0.03125 0.140234375 30
310 0.1 0.5703125 0.0 0.5703125 0.03125 0.15183971774193547 31
320 0.1 0.48828125 0.0 0.5703125 0.03125 0.1649169921875 32
330 0.1 0.41015625 0.0 0.5703125 0.03125 0.1747159090909091 33
340 0.1 0.3515625 0.0 0.5703125 0.03125 0.181640625 34
350 0.1 0.37109375 0.0 0.5703125 0.03125 0.1864955357142857 35
360 0.1 0.390625 0.0 0.5703125 0.03125 0.1916232638888889 36
370 0.1 0.48828125 0.0 0.5703125 0.03125 0.1970016891891892 37
380 0.1 0.421875 0.0 0.5703125 0.03125 0.20466694078947367 38
390 0.1 0.51171875 0.0 0.5703125 0.03125 0.2102363782051282 39
400 0.1 0.4296875 0.0 0.5703125 0.03125 0.2177734375 40
410 0.1 0.37109375 0.0 0.5703125 0.03125 0.2229420731707317 41
420 0.1 0.37890625 0.0 0.5703125 0.03125 0.22646949404761904 42
430 0.1 0.5703125 0.0 0.5703125 0.03125 0.23001453488372092 43
440 0.1 0.80078125 0.0 0.80078125 0.03125 0.23774857954545456 44
450 0.1 0.921875 0.0 0.921875 0.03125 0.25026041666666665 45
460 0.1 0.78125 0.0 0.921875 0.03125 0.26486073369565216 46
470 0.1 0.8203125 0.0 0.921875 0.03125 0.27584773936170215 47
480 0.1 1.078125 0.0 1.078125 0.03125 0.28719075520833337 48
490 0.1 1.0703125 0.0 1.078125 0.03125 0.3033322704081633 49
500 0.1 1.05859375 0.0 1.078125 0.03125 0.31867187500000005 50
510 0.1 0.96875 0.0 1.078125 0.03125 0.33318014705882354 51
520 0.1 0.8984375 0.0 1.078125 0.03125 0.3454026442307692 52
530 0.1 1.1484375 0.0 1.1484375 0.03125 0.3558372641509434 53
540 0.1 1.4296875 0.0 1.4296875 0.03125 0.3705150462962963 54
550 0.1 1.2109375 0.0 1.4296875 0.03125 0.38977272727272727 55
