0 2.7 82.67801468460648 86.27040078025469 364.65380859375 10.94287109375 0 0
10 4.6 78.76619289232336 83.86218366347094 364.65380859375 10.39501953125 82.67801468460648 27
20 5.5 96.72813831676136 126.29363679705885 745.47998046875 10.39501953125 80.21303108946918 73
30 3.1 50.73843088457661 67.21927521240465 745.47998046875 10.39501953125 87.30936622619629 128
40 11.2 76.22164263044085 84.74580393187803 745.47998046875 10.0458984375 80.17918386399371 159
50 11.8 82.62475379038665 95.31647502606602 745.47998046875 9.14306640625 78.54359486710102 271
60 14.8 70.72771062077705 110.52723239144026 745.47998046875 8.79296875 79.78158137853471 389
70 21.8 78.20431546552462 107.55855270551595 750.404052734375 8.79296875 77.28628738943205 537
80 22.3 71.59167973129206 88.40719928271082 750.404052734375 8.79296875 77.55136039683362 755
90 23.3 66.40511940886533 78.66324326756823 750.404052734375 8.429931640625 76.19245570520195 978
100 36.5 70.09771578017977 81.30805214514201 750.404052734375 8.429931640625 74.30934310648483 1211
110 39 69.62492613181088 73.30894777486269 750.404052734375 8.429931640625 73.33393449347635 1576
120 69.2 71.5726649995484 87.0386333786594 750.783935546875 8.264892578125 72.59816986425481 1966
130 84.5 70.93504703679733 77.12514383103931 750.783935546875 8.0498046875 72.3311836466563 2658
140 81.4 65.19951627764124 70.01036005189042 750.783935546875 7.32080078125 71.99440504679023 3503
150 92.4 65.35247406402195 70.30756394128754 750.783935546875 7.32080078125 70.71318210074267 4317
160 110.7 71.37538727275299 77.01170311232785 750.783935546875 7.32080078125 69.76807730663278 5241
170 97.2 68.56197203333976 77.88668367018394 750.783935546875 7.32080078125 70.04836907293635 6348
180 120.7 64.22817196723535 75.45517515392223 750.783935546875 7.32080078125 69.85099503980959 7320
190 190.8 72.06177359207112 77.15353914090157 750.783935546875 7.32080078125 69.05508235673264 8527
200 203.1 71.79898703878933 77.39381769046255 750.783935546875 7.32080078125 69.60484439573848 10435
210 206 68.08163517331609 75.8754558891459 750.783935546875 7.32080078125 69.96232102882337 12466
220 247.6 69.40349996686962 73.74458809438562 750.783935546875 7.32080078125 69.6956121714404 14526
230 267.6 72.25521672680773 76.54734250998388 750.783935546875 7.32080078125 69.65307189273689 17002
240 232.1 71.59064191418025 77.9473442676598 971.60302734375 7.32080078125 70.00693608503151 19678
250 265 69.0481540204893 75.49715020777582 971.60302734375 7.32080078125 70.17402464494124 21999
260 318.2 74.83631314817725 80.6357889337669 1000.06884765625 7.32080078125 70.05298293311529 24649
270 293 74.9712715643665 77.98848597707328 1000.06884765625 7.32080078125 70.59987513046094 27831
280 307.7 72.23009615189282 80.23083636711415 1013.43603515625 7.32080078125 71.01625273688931 30761
290 329.4 76.71209401800621 83.27912115390642 1013.43603515625 7.32080078125 71.12663148823295 33838
300 349.1 78.50594959024085 83.73784386983098 1013.43603515625 7.32080078125 71.62212091980336 37132
310 362.5 78.52760398706887 90.21697888024106 1084.509033203125 7.32080078125 72.21369332677719 40623
320 371.6 74.65224782822585 81.27542433383104 1084.509033203125 7.32080078125 72.73095797475126 44248
330 400 80.27578991699212 86.68898839198792 1096.31591796875 7.32080078125 72.87980946952885 47964
340 422.4 88.89230988242403 96.39471170773365 1206.674072265625 7.32080078125 73.44912518405916 51964
350 434.7 92.26958623359134 100.16056811039309 1206.674072265625 7.32080078125 74.61008503608971 56188
360 423.5 85.61847974468728 92.40961597567318 1206.674072265625 7.32080078125 75.87820846395029 60535
370 479 114.65288768919625 127.59103761653769 1265.02392578125 7.32080078125 76.51507813932348 64770
380 449.8 96.56928904165733 99.95698470723573 1265.02392578125 7.32080078125 79.14130165490558 69560
390 450.4 98.44944597857456 108.04973363267128 1265.02392578125 7.32080078125 80.19981102952559 74058
400 487.8 112.3183410068963 116.27476325136064 1265.02392578125 7.32080078125 81.24607201843266 78562
410 500.8 126.28605359354744 137.6984491718689 1265.02392578125 7.32080078125 83.06259320881767 83440
420 518.7 121.36119953579876 118.3307923918241 1265.02392578125 7.32080078125 85.50994181598489 88448
430 575.2 266.09246142815863 250.93750590020724 2054.14404296875 7.32080078125 87.49595638097314 93635
440 612.4 825.945586061881 602.4574988594796 4324.962890625 1.392822265625 97.83218845389425 99387
450 675.6 1048.2778489071675 727.4381138288447 4324.962890625 1.073974609375 140.09286693245394 105511
460 760.6 1067.009188238522 723.2649441607799 4324.962890625 1.013916015625 194.74559425411715 112267
470 952.4 873.4391402589415 753.3631701004804 4324.962890625 1.013916015625 250.0911424246425 119873
480 973.6 855.5429654399574 775.9648854498965 4324.962890625 1.008056640625 295.9713895043573 129397
490 911.2 873.3680514770195 736.3507140329722 4324.962890625 0.98681640625 335.12808750777134 139133
500 1498.7 571.2453216615856 693.3504273691719 4324.962890625 0.9189453125 368.2114464857321 148245
510 1883 448.992224140542 649.3967573728565 4324.962890625 0.9189453125 386.85282003540686 163232
520 2020.1 419.829880791793 617.3337226124771 4324.962890625 0.72900390625 393.2796690170708 182062
530 1798.7 460.7765384266239 645.1695458710335 4324.962890625 0.72900390625 395.9313691701446 202263
540 706 862.6296785089868 804.9645978861422 4324.962890625 0.72900390625 401.22703345807327 220250
550 212.1 33.2891147582951 131.60275973620764 4324.962890625 0.72900390625 415.5576949954428 227310
