10 0.1 224 0 224 224 0 0
20 0.1 393.0 0.0 393 224 224.0 1
30 0.1 514.0 0.0 514 224 308.5 2
40 0.1 242.0 0.0 514 224 377.0 3
50 0.1 973.0 0.0 973 224 343.25 4
60 0.1 1068.0 0.0 1068 224 469.2 5
70 0.1 1435.0 0.0 1435 224 569.0 6
80 0.1 1897.0 0.0 1897 224 692.7142857142857 7
90 0.1 1818.0 0.0 1897 224 843.25 8
100 0.1 2190.0 0.0 2190 224 951.5555555555555 9
110 0.1 3364.0 0.0 3364 224 1075.4 10
120 0.1 3616.0 0.0 3616 224 1283.4545454545455 11
130 0.1 6172.0 0.0 6172 224 1477.8333333333333 12
140 0.1 7439.0 0.0 7439 224 1838.923076923077 13
150 0.1 6753.0 0.0 7439 224 2238.9285714285716 14
160 0.1 8019.0 0.0 8019 224 2539.866666666667 15
170 0.1 9391.0 0.0 9391 224 2882.3125 16
180 0.1 8307.0 0.0 9391 224 3265.176470588235 17
190 0.1 10808.0 0.0 10808 224 3545.277777777778 18
200 0.1 16307.0 0.0 16307 224 3927.5263157894738 19
210 0.1 17540.0 0.0 17540 224 4546.5 20
220 0.1 18008.0 0.0 18008 224 5165.238095238095 21
230 0.1 21549.0 0.0 21549 224 5749.0 22
240 0.1 23571.0 0.0 23571 224 6435.95652173913 23
250 0.1 20116.0 0.0 23571 224 7149.916666666667 24
260 0.1 24115.0 0.0 24115 224 7668.56 25
270 0.1 27394.0 0.0 27394 224 8301.115384615385 26
280 0.1 24899.0 0.0 27394 224 9008.25925925926 27
290 0.1 27401.0 0.0 27401 224 9575.785714285714 28
300 0.1 28788.0 0.0 28788 224 10190.448275862069 29
310 0.1 30910.0 0.0 30910 224 10810.366666666667 30
320 0.1 31687.0 0.0 31687 224 11458.741935483871 31
330 0.1 32479.0 0.0 32479 224 12090.875 32
340 0.1 35609.0 0.0 35609 224 12708.69696969697 33
350 0.1 37932.0 0.0 37932 224 13382.235294117647 34
360 0.1 35911.0 0.0 37932 224 14083.657142857142 35
370 0.1 38810.0 0.0 38810 224 14689.972222222223 36
380 0.1 42481.0 0.0 42481 224 15341.864864864865 37
390 0.1 39033.0 0.0 42481 224 16056.052631578947 38
400 0.1 41244.0 0.0 42481 224 16645.20512820513 39
410 0.1 43272.0 0.0 43272 224 17260.175 40
420 0.1 45704.0 0.0 45704 224 17894.60975609756 41
430 0.1 47031.0 0.0 47031 224 18556.738095238095 42
440 0.1 53611.0 0.0 53611 224 19218.93023255814 43
450 0.1 55835.0 0.0 55835 224 20000.568181818184 44
460 0.1 56442.0 0.0 56442 224 20796.88888888889 45
470 0.1 59874.0 0.0 59874 224 21571.782608695656 46
480 0.1 62839.0 0.0 62839 224 22386.72340425532 47
490 0.1 61712.0 0.0 62839 224 23229.479166666668 48
500 0.1 65891.0 0.0 65891 224 24014.836734693876 49
510 0.1 80050.0 0.0 80050 224 24852.36 50
520 0.1 81277.0 0.0 81277 224 25934.666666666668 51
530 0.1 82884.0 0.0 82884 224 26998.94230769231 52
540 0.1 61545.0 0.0 82884 224 28053.377358490565 53
550 0.1 31111.0 0.0 82884 224 28673.59259259259 54
