0 3.4 65.64046702665442 81.90020347490454 364.65380859375 9.2060546875 0 0
10 5.6 64.6885986328125 74.93301146285407 364.65380859375 8.60302734375 65.64046702665442 34
20 7.4 71.87611182960302 110.9284308051678 745.47998046875 7.7138671875 65.048193359375 90
30 3.2 49.15091705322265 59.28511570013717 745.47998046875 7.7138671875 68.12908340081935 164
40 13.5 63.22486074942128 75.31434753141508 745.47998046875 7.632080078125 65.03060726243622 196
50 15.2 64.12832320363898 86.59504328178798 745.47998046875 7.632080078125 64.29412454564766 331
60 17.9 58.46800803072626 86.89976902116592 745.47998046875 7.632080078125 64.24194689764492 483
70 26.6 64.41096852238017 96.31102467573793 750.404052734375 7.56298828125 62.68071569344789 662
80 26.7 59.45473248771067 80.14275751578187 750.404052734375 7.56298828125 63.1766717844996 928
90 27.8 55.86857506182551 72.03026702345721 750.404052734375 7.56298828125 62.34507530563546 1195
100 42.6 59.90457310922827 72.24832289020448 750.404052734375 7.488037109375 61.122762292886534 1473
110 47.6 57.0335093265822 67.8563500822964 750.404052734375 7.488037109375 60.84948762609431 1899
120 83.4 59.50083839178657 79.21655541289961 750.783935546875 7.488037109375 60.08468523848683 2375
130 102.5 58.36416349085366 68.0721353226615 750.783935546875 7.488037109375 59.93294691809169 3209
140 96.3 55.10147250008113 63.05073487855789 750.783935546875 7.32080078125 59.553163495106574 4234
150 110.2 54.866938928510656 62.909798120471386 750.783935546875 7.32080078125 58.72826866574165 5197
160 133.9 58.93042557412248 69.43549694109525 750.783935546875 7.32080078125 58.05273518893128 6299
170 114.3 58.394930034380465 70.39178495608216 750.783935546875 7.32080078125 58.20660104724118 7638
180 143.1 54.17360718711788 65.74121267068135 750.783935546875 7.32080078125 58.23111534314144 8781
190 231.5 59.36762969509314 67.67271940930232 750.783935546875 7.32080078125 57.662539729033554 10212
200 246.4 59.12925918380938 67.95993047888436 750.783935546875 7.32080078125 57.97764177033857 12527
210 247.6 56.649781062260246 65.77619256622937 750.783935546875 7.32080078125 58.16692769567991 14991
220 298.1 57.632459024341664 64.0707794209842 750.783935546875 7.32080078125 57.95186757863937 17467
230 326.4 59.24566755107805 66.55299560132661 750.783935546875 7.32080078125 57.90530278499885 20448
240 278.9 59.615308168670445 69.4149979426253 971.60302734375 7.32080078125 58.08980643700975 23712
250 317.4 57.59009619786744 66.20857028945444 971.60302734375 7.32080078125 58.25035224017196 26501
260 382.4 62.273061457039425 70.82091445009091 1000.06884765625 7.32080078125 58.179732099370796 29675
270 358.2 61.358306833647376 69.14249235343713 1000.06884765625 7.32080078125 58.64699653901749 33499
280 371.5 59.78110969307283 70.18664671864317 1013.43603515625 7.32080078125 58.90890731476152 37081
290 399.2 63.30698952837315 72.62390221414768 1013.43603515625 7.32080078125 58.98833254849587 40796
300 421.8 64.93575686603513 73.43410911624571 1013.43603515625 7.32080078125 59.37325883820896 44788
310 434.9 65.410526979981 79.21765128933316 1084.509033203125 7.32080078125 59.85202912514058 49006
320 443.5 62.76110804062145 71.12921257216884 1084.509033203125 7.32080078125 60.30510582218305 53355
330 479.1 66.93588783616094 75.346973014643 1096.31591796875 7.32080078125 60.49358773667993 57790
340 505.3 74.2604038790383 81.76207834278362 1206.674072265625 7.32080078125 60.986789503615796 62581
350 523.8 76.56152152651008 85.50845251831207 1206.674072265625 7.32080078125 61.97847376654583 67634
360 507.9 71.46107108275153 80.25335146103593 1206.674072265625 7.32080078125 63.02669536286118 72872
370 578.9 94.84106765828786 101.48578760515191 1265.02392578125 7.32080078125 63.57624821377166 77951
380 545.7 79.59518052895079 84.8318858735068 1265.02392578125 7.32080078125 65.73760526851616 83740
390 539.9 82.21151943104341 88.24336661000979 1265.02392578125 7.32080078125 66.58540046562135 89197
400 590.4 92.66511568725933 94.28180277297595 1265.02392578125 7.32080078125 67.4772501875368 94596
410 606.7 104.25567893548096 107.19730519960598 1265.02392578125 7.32080078125 68.95694330107273 100500
420 624.4 101.0606462281916 95.29060558671418 1265.02392578125 7.32080078125 70.96654692221205 106567
430 685.1 228.70326119989375 191.03108661926143 1312.083984375 7.32080078125 72.63223161667035 112811
440 743.9 695.4262493147355 382.44575372264 2210.091796875 1.34912109375 81.56775520540081 119662
450 822.5 868.3641610764155 431.2275049856745 2447.77685546875 0.996826171875 117.49582294428045 127101
460 914.3 884.6436854761665 431.2836471031512 2447.77685546875 0.996826171875 163.13296644321497 135326
470 1146.7 722.9523581084611 522.1636656869334 2447.77685546875 0.966064453125 208.79516735910886 144469
480 1183.7 705.7188433084526 538.5207712014795 2447.77685546875 0.940185546875 246.60452829130426 155936
490 1094.2 726.5859961365894 512.6259625250239 2447.77685546875 0.940185546875 278.99672576561767 167773
500 1810.1 469.48312184549985 515.8623457811071 2447.77685546875 0.9189453125 306.40081493775864 178715
510 2289.4 369.3360296792423 510.1336299340727 2447.77685546875 0.9140625 321.399355896507 196816
520 2441.2 348.22335862933596 488.06772411419604 2447.77685546875 0.72900390625 326.39440486825134 219710
530 2186.8 382.47161478950096 513.830174788797 2447.77685546875 0.72900390625 328.57728236071654 244122
540 839.8 700.1958959024835 508.73966517742787 2447.77685546875 0.72900390625 333.0081303683584 265990
550 215.4 32.778165146058214 130.5027064736413 3337.130126953125 0.72900390625 344.2463873437203 274388
