10 0.1 183 0 183 183 0 0
20 0.1 270.0 0.0 270 183 183.0 1
30 0.1 308.0 0.0 308 183 226.5 2
40 0.1 171.0 0.0 308 171 253.66666666666666 3
50 0.1 672.0 0.0 672 171 233.0 4
60 0.1 714.0 0.0 714 171 320.8 5
70 0.1 1048.0 0.0 1048 171 386.3333333333333 6
80 0.1 1329.0 0.0 1329 171 480.85714285714283 7
90 0.1 1218.0 0.0 1329 171 586.875 8
100 0.1 1621.0 0.0 1621 171 657.0 9
110 0.1 2325.0 0.0 2325 171 753.4 10
120 0.1 2462.0 0.0 2462 171 896.2727272727273 11
130 0.1 4418.0 0.0 4418 171 1026.75 12
140 0.1 4977.0 0.0 4977 171 1287.6153846153845 13
150 0.1 4707.0 0.0 4977 171 1551.142857142857 14
160 0.1 5707.0 0.0 5707 171 1761.5333333333333 15
170 0.1 6469.0 0.0 6469 171 2008.125 16
180 0.1 5689.0 0.0 6469 171 2270.529411764706 17
190 0.1 7602.0 0.0 7602 171 2460.4444444444443 18
200 0.1 11410.0 0.0 11410 171 2731.0526315789475 19
210 0.1 12142.0 0.0 12142 171 3165.0 20
220 0.1 12626.0 0.0 12626 171 3592.4761904761904 21
230 0.1 15163.0 0.0 15163 171 4003.090909090909 22
240 0.1 16299.0 0.0 16299 171 4488.304347826087 23
250 0.1 14097.0 0.0 16299 171 4980.416666666667 24
260 0.1 16992.0 0.0 16992 171 5345.08 25
270 0.1 19037.0 0.0 19037 171 5793.038461538462 26
280 0.1 17368.0 0.0 19037 171 6283.555555555556 27
290 0.1 19112.0 0.0 19112 171 6679.428571428572 28
300 0.1 19944.0 0.0 19944 171 7108.137931034483 29
310 0.1 21605.0 0.0 21605 171 7536.0 30
320 0.1 21764.0 0.0 21764 171 7989.8387096774195 31
330 0.1 23066.0 0.0 23066 171 8420.28125 32
340 0.1 24535.0 0.0 24535 171 8864.09090909091 33
350 0.1 26263.0 0.0 26263 171 9325.0 34
360 0.1 25036.0 0.0 26263 171 9808.942857142858 35
370 0.1 27064.0 0.0 27064 171 10231.916666666666 36
380 0.1 29285.0 0.0 29285 171 10686.837837837838 37
390 0.1 26752.0 0.0 29285 171 11176.263157894737 38
400 0.1 28348.0 0.0 29285 171 11575.641025641025 39
410 0.1 29798.0 0.0 29798 171 11994.95 40
420 0.1 31135.0 0.0 31135 171 12429.170731707318 41
430 0.1 32684.0 0.0 32684 171 12874.547619047618 42
440 0.1 37245.0 0.0 37245 171 13335.232558139534 43
450 0.1 38630.0 0.0 38630 171 13878.636363636364 44
460 0.1 39575.0 0.0 39575 171 14428.666666666666 45
470 0.1 44360.0 0.0 44360 171 14975.326086956522 46
480 0.1 48927.0 0.0 48927 171 15600.531914893618 47
490 0.1 47612.0 0.0 48927 171 16294.833333333334 48
500 0.1 52484.0 0.0 52484 171 16933.95918367347 49
510 0.1 73538.0 0.0 73538 171 17644.96 50
520 0.1 77530.0 0.0 77530 171 18740.901960784315 51
530 0.1 80244.0 0.0 80244 171 19871.46153846154 52
540 0.1 50650.0 0.0 80244 171 21010.56603773585 53
550 0.1 21691.0 0.0 80244 171 21559.444444444445 54
