0 0.5 2791.310400390625 1738.3261911584534 5647.711181640625 405.1279296875 0 0
10 1 3882.739404296875 4432.316937676485 12562.126953125 182.601806640625 2791.310400390625 5
20 1.1 7005.619739879261 5959.147124207348 24477.661865234375 182.601806640625 3518.929736328125 15
30 0.2 14127.845581054688 5632.0216064453125 24477.661865234375 182.601806640625 4994.0678147536055 26
40 2.2 4168.5909645774145 4328.5817014604 24477.661865234375 182.601806640625 5646.48051234654 28
50 2.4 5856.161855061849 4192.569868267067 24477.661865234375 182.601806640625 4996.209111328125 50
60 2.6 8077.236609825721 8989.595320004797 42426.77197265625 182.601806640625 5275.112703890414 74
70 4.5 5716.774929470488 5854.598245114811 42426.77197265625 100.574951171875 6003.664919433594 100
80 3.9 7389.7410544371 6647.400000742278 42426.77197265625 100.574951171875 5914.6300949622855 145
90 4.6 5747.433731742527 6466.055509456221 42426.77197265625 100.574951171875 6227.289483111837 184
100 6.3 7122.523115854415 7772.712465782802 42426.77197265625 100.574951171875 6131.3183328379755 230
110 6 6289.1000040690105 4709.620332269321 42426.77197265625 100.574951171875 6344.444275943899 293
120 11.6 6495.932606664199 7128.132025513456 42426.77197265625 100.574951171875 6335.037317551567 353
130 15.3 6146.31165747549 6453.947458248564 42426.77197265625 100.574951171875 6374.832314432303 469
140 15.4 7569.368235402293 7688.84702450539 42426.77197265625 100.574951171875 6318.620641579582 622
150 15.3 7587.6678091809645 8611.661590842263 51345.656005859375 100.574951171875 6566.836014580481 776
160 20.9 7578.456697162829 8423.685635879578 62687.259033203125 100.574951171875 6734.9600883952 929
170 16.3 7675.110320108802 7292.473933385621 62687.259033203125 100.574951171875 6889.87291021632 1138
180 21.5 8183.637646484382 9027.632735633963 62687.259033203125 100.574951171875 6988.253923139052 1301
190 35.3 6279.836452062677 7510.4415689424595 62687.259033203125 100.574951171875 7157.783936674175 1516
200 37.2 6737.960501722113 6848.569492573236 62687.259033203125 100.574951171875 6991.965069864192 1869
210 38.2 7415.17792419114 7353.390612485509 62687.259033203125 100.574951171875 6949.800991618385 2241
220 45.4 7099.421058688393 7610.749682301087 62687.259033203125 100.574951171875 7017.576053853532 2623
230 52 6935.841418457031 7112.090543170141 62687.259033203125 100.574951171875 7029.651982418703 3077
240 47.7 7253.812766660935 7708.009638649954 62687.259033203125 100.574951171875 7016.090266194052 3597
250 48.1 7746.275049538722 8372.15581240696 62687.259033203125 100.574951171875 7043.923754834872 4074
260 57.7 7265.72622781155 7915.908761975925 62687.259033203125 100.574951171875 7118.09081800777 4555
270 58.5 7350.321972238912 7895.641609715475 62687.259033203125 100.574951171875 7134.689732944788 5132
280 58.3 7995.728492592843 8155.443298613319 62687.259033203125 100.574951171875 7156.754602629425 5717
290 62.1 7128.182900249091 8002.925034547118 62687.259033203125 100.574951171875 7234.3929800657215 6300
300 63.6 7457.906466118195 8248.9380194393 62687.259033203125 100.574951171875 7224.863076935231 6921
310 66.2 7405.487646558134 7454.050329936345 62687.259033203125 100.574951171875 7244.476097382547 7557
320 67 7610.999138220032 8032.779586441941 62687.259033203125 100.574951171875 7257.44478524655 8219
330 75.2 7874.29237560516 8016.464960772589 62687.259033203125 100.574951171875 7284.093611491598 8889
340 78.7 7577.740223207197 8190.729698443234 62687.259033203125 100.574951171875 7330.129237527631 9641
350 83.2 7825.0927085876465 8262.502132709964 62687.259033203125 100.574951171875 7348.816411072877 10428
360 80.7 7881.829899935623 8194.299199414932 62687.259033203125 100.574951171875 7384.008407478941 11260
370 90.9 7283.150636108533 7527.07403396215 62687.259033203125 100.574951171875 7417.301019098444 12067
380 88.7 7880.869932499382 8309.976091852286 62687.259033203125 100.574951171875 7407.903462213592 12976
390 83 7740.799253753294 7818.904560166861 62687.259033203125 100.574951171875 7438.165401126057 13863
400 93.8 7769.569044166024 8079.053844910805 62687.259033203125 100.574951171875 7455.261031540582 14693
410 95 7469.947723324424 7699.582475133585 62687.259033203125 100.574951171875 7474.122327416896 15631
420 100.2 7621.175862142902 8085.58995449219 62687.259033203125 100.574951171875 7473.8831455890295 16581
430 99.1 7291.9611153703645 7580.581135707025 62687.259033203125 100.574951171875 7482.276895346578 17583
440 107.5 9504.057107103918 7640.973236309302 62687.259033203125 100.574951171875 7472.122758490952 18574
450 122.4 10981.278005562583 7736.837054236131 62687.259033203125 12.70703125 7583.290218654774 19649
460 137.8 11142.041077634602 7889.330250223593 62687.259033203125 12.70703125 7782.5494076154 20873
470 172.5 10927.169482846455 8490.079604863095 62687.259033203125 12.70703125 7990.602057891183 22251
480 184.5 11027.524727012426 9002.460418170613 62687.259033203125 12.70703125 8201.879118620573 23976
490 183.9 12009.90272237374 9634.85685504415 62687.259033203125 12.70703125 8403.781296982486 25821
500 274.6 9376.244359249102 8880.080426122599 67224.71704101563 12.70703125 8643.537526241145 27660
510 347.5 8338.492154620035 7881.784056626497 67224.71704101563 12.70703125 8709.709103016778 30406
520 378.8 8521.402071057531 7890.037178200657 72854.333984375 8.222900390625 8671.635288912155 33881
530 346 9699.534805068524 8773.962700722199 72854.333984375 8.222900390625 8656.5278151477 37669
540 173.8 16826.562904138445 9011.270526547914 72854.333984375 8.222900390625 8744.271358271191 41129
550 60.7 26863.554397507603 6824.040972374583 72854.333984375 8.222900390625 9071.959853074124 42867
