0 150.08203125 150.08203125
10 289.34375 439.42578125
20 408.56640625 847.9921875
30 178.49609375 1026.48828125
40 676.93515625 1703.4234375
50 796.03046875 2499.45390625
60 922.68046875 3422.134375
70 1315.165625 4737.3
80 1505.59296875 6242.89296875
90 1427.85703125 7670.75
100 2295.33984375 9966.08984375
110 2520.84296875 12486.9328125
120 4461.07734375 16948.01015625
130 5594.31953125 22542.3296875
140 5008.52109375 27550.85078125
150 5857.57109375 33408.421875
160 7311.18359375 40719.60546875
170 6376.9125 47096.51796875
180 7417.0359375 54513.55390625
190 12217.67265625 66731.2265625
200 13223.7421875 79954.96875
210 12935.9640625 92890.9328125
220 15726.5109375 108617.44375
230 17417.9546875 126035.3984375
240 14838.93828125 140874.33671875
250 16868.17734375 157742.5140625
260 20225.453125 177967.9671875
270 18971.5328125 196939.5
280 19656.4546875 216595.9546875
290 21258.3171875 237854.271875
300 22513.928125 260368.2
310 23330.59375 283698.79375
320 23499.9546875 307198.7484375
330 25392.40234375 332591.15078125
340 26791.73671875 359382.8875
350 27974.58828125 387357.47578125
360 26330.28515625 413687.7609375
370 30899.40390625 444587.16484375
380 28758.728125 473345.89296875
390 28438.0953125 501783.98828125
400 31057.9953125 532841.98359375
410 32102.94140625 564944.925
420 32591.0890625 597536.0140625
430 35658.94453125 633194.95859375
440 37623.70234375 670818.6609375
450 37481.31015625 708299.97109375
460 38590.115625 746890.08671875
470 38068.06875 784958.15546875
480 37819.66875 822777.82421875
490 36372.49375 859150.31796875
500 40969.13359375 900119.4515625
510 40160.4484375 940279.9
520 40790.5984375 981070.4984375
530 38510.5890625 1019581.0875
540 33913.08828125 1053494.17578125
550 7977.5453125 1061471.72109375
