0 20.51015625 20.51015625
10 36.778125 57.28828125
20 54.5796875 111.86796875
30 18.93828125 130.80625
40 93.6546875 224.4609375
50 105.32421875 329.78515625
60 120.33828125 450.1234375
70 179.20625 629.3296875
80 189.81953125 819.14921875
90 192.61484375 1011.7640625
100 289.759375 1301.5234375
110 329.70078125 1631.22421875
120 575.475 2206.69921875
130 719.1546875 2925.85390625
140 672.67890625 3598.5328125
150 757.21171875 4355.74453125
160 949.89765625 5305.6421875
170 820.70078125 6126.34296875
180 970.93515625 7097.278125
190 1592.12421875 8689.40234375
200 1722.97734375 10412.3796875
210 1717.028125 12129.4078125
220 2075.06875 14204.4765625
230 2269.17890625 16473.65546875
240 1987.9515625 18461.60703125
250 2193.509375 20655.11640625
260 2671.609375 23326.72578125
270 2530.68125 25857.40703125
280 2597.5375 28454.94453125
290 2787.390625 31242.33515625
300 2951.784375 34194.11953125
310 3066.24140625 37260.3609375
320 3101.75546875 40362.11640625
330 3345.3125 43707.42890625
340 3537.13671875 47244.565625
350 3703.24921875 50947.81484375
360 3526.79375 54474.60859375
370 4059.253125 58533.86171875
380 3847.26953125 62381.13125
390 3757.11328125 66138.24453125
400 4139.82578125 70278.0703125
410 4269.63046875 74547.70078125
420 4355.57265625 78903.2734375
430 4843.5796875 83746.853125
440 5187.7859375 88934.6390625
450 5689.70546875 94624.34453125
460 6101.63671875 100725.98125
470 7458.2296875 108184.2109375
480 7694.5109375 115878.721875
490 7105.871875 122984.59375
500 10465.50078125 133450.09453125
510 12728.6984375 146178.79296875
520 13474.6828125 159653.47578125
530 12692.59375 172346.06953125
540 5877.93984375 178224.009375
550 1826.16953125 180050.17890625
