0 6 6
10 8 9
20 4 12
30 12 12
40 16 18
50 16 25
60 25 25
70 31 41
80 26 41
90 41 44
100 52 61
110 65 71
120 106 116
130 115 127
140 126 137
150 163 165
160 156 173
170 154 173
180 226 228
190 265 283
200 292 310
210 331 339
220 374 382
230 389 393
240 358 400
250 415 434
260 463 491
270 429 491
280 450 491
290 486 491
300 523 531
310 538 546
320 589 598
330 627 638
340 645 653
350 609 653
360 685 687
370 703 720
380 643 720
390 740 755
400 731 755
410 749 777
420 776 801
430 1179 1183
440 1505 1512
450 1750 1760
460 1995 1997
470 2174 2183
480 2166 2208
490 2224 2234
500 3181 3188
510 3491 3503
520 3646 3647
530 2648 3712
540 910 3712
550 303 3712
