0 1.1 11
10 1.2 23
20 0.7 30
30 1 40
40 2.6 66
50 2.4 90
60 3.5 125
70 5.1 176
80 3.4 210
90 6.1 271
100 7.4 345
110 7.3 418
120 15.7 575
130 16.2 737
140 16.5 902
150 19 1092
160 20.2 1294
170 16.1 1455
180 28.7 1742
190 39.2 2134
200 39.9 2533
210 42.1 2954
220 49.7 3451
230 53.5 3986
240 44.6 4432
250 53.8 4970
260 62.5 5595
270 55.1 6146
280 60.4 6750
290 65.7 7407
300 67.3 8080
310 67.7 8757
320 72.1 9478
330 79 10268
340 80.5 11073
350 79.6 11869
360 88.3 12752
370 92.7 13679
380 82.7 14506
390 92.7 15433
400 92.9 16362
410 96.8 17330
420 102.9 18359
430 139.4 19753
440 140.1 21154
450 146.9 22623
460 162.3 24246
470 190.4 26150
480 183.7 27987
490 189.7 29884
500 370.3 33587
510 378.5 37372
520 394.3 41315
530 246.2 43777
540 0 43777
550 0 43777
