0 1.3 13
10 3.6 49
20 4.3 92
30 3.3 125
40 9 215
50 11.5 330
60 8.8 418
70 15.9 577
80 14.7 724
90 20.7 931
100 33.6 1267
110 27.8 1545
120 38.7 1932
130 51.2 2444
140 60 3044
150 60.8 3652
160 73.1 4383
170 71 5093
180 73.5 5828
190 85.7 6685
200 81.1 7496
210 82.1 8317
220 84.9 9166
230 73.3 9899
240 64.5 10544
250 75.1 11295
260 73.5 12030
270 66.1 12691
280 72.6 13417
290 70.9 14126
300 73.3 14859
310 64.8 15507
320 64.5 16152
330 76.8 16920
340 67.9 17599
350 78.9 18388
360 63.8 19026
370 78.2 19808
380 65.9 20467
390 60 21067
400 67.4 21741
410 72.7 22468
420 71.1 23179
430 65.3 23832
440 81.1 24643
450 59 25233
460 74.1 25974
470 65.1 26625
480 71.1 27336
490 65.4 27990
500 84.2 28832
510 83.1 29663
520 70.6 30369
