0 0.8 8
10 1.8 26
20 2.4 50
30 1.3 63
40 5.5 118
50 6.3 181
60 4.2 223
70 8.9 312
80 8.8 400
90 10.6 506
100 19.7 703
110 15.7 860
120 20.7 1067
130 29.9 1366
140 35.7 1723
150 37.6 2099
160 44.5 2544
170 38.9 2933
180 41.9 3352
190 44.5 3797
200 36.5 4162
210 40.8 4570
220 40 4970
230 43.5 5405
240 39.9 5804
250 57.7 6381
260 55.6 6937
270 46 7397
280 52.9 7926
290 56.7 8493
300 55.2 9045
310 53.7 9582
320 47.8 10060
330 54.8 10608
340 51.2 11120
350 59.8 11718
360 52.7 12245
370 66.2 12907
380 52.2 13429
390 45 13879
400 57 14449
410 64.1 15090
420 56.3 15653
430 53 16183
440 59.5 16778
450 45.2 17230
460 61.1 17841
470 54.5 18386
480 58.5 18971
490 55.7 19528
500 64.8 20176
510 66.9 20845
520 61.7 21462
