20 0.1 1
30 0.1 2
40 0.3 5
50 0.4 9
60 0.1 10
70 0.4 14
80 0.6 20
90 0.8 28
100 1.1 39
110 1.1 50
120 1.3 63
130 1.4 77
140 2.1 98
150 1.9 117
160 2.8 145
170 2.6 171
180 2.4 195
190 1.7 212
200 1.4 226
210 2.5 251
220 2.2 273
230 1.4 287
240 1 297
250 1.3 310
260 0.9 319
270 1 329
280 1 339
290 1.2 351
300 1.2 363
310 1.1 374
320 0.8 382
330 1.4 396
340 1 406
350 0.5 411
360 1 421
370 0.8 429
380 0.8 437
390 0.9 446
400 0.5 451
410 1 461
420 0.8 469
430 0.5 474
440 0.8 482
450 0.5 487
460 0.4 491
470 0.5 496
480 0.3 499
490 0.4 503
500 0.9 512
510 0.4 516
520 0.1 517
