210 7.1 71
220 98.7 1058
230 207.1 3129
240 193.3 5062
250 172.8 6790
260 214.4 8934
270 246.7 11401
280 227.7 13678
290 247.6 16154
300 288.8 19042
310 302.9 22071
320 307 25141
330 354.4 28685
340 363.7 32322
350 388.4 36206
360 389.5 40101
370 402.3 44124
380 451.8 48642
390 432 52962
400 477.1 57733
410 470.4 62437
420 483.3 67270
430 549.3 72763
440 711.7 79880
450 808.2 87962
460 798.4 95946
470 980.2 105748
480 1069.3 116441
490 997.4 126415
500 1481.2 141227
510 2155 162777
520 2268.6 185463
