0 0.6 13.3179931640625 26.843535463777012 73.340087890625 0.97900390625 0 0
10 1.4 1.261962890625 0.24358375035918894 73.340087890625 0.8681640625 13.3179931640625 6
20 0.8 1.25921630859375 0.21846458855126252 73.340087890625 0.8681640625 4.87877197265625 20
30 0.9 1.2701551649305556 0.267179642230513 73.340087890625 0.85888671875 3.8446132114955356 28
40 2.9 1.2546049973060347 0.24854887316528046 73.340087890625 0.73779296875 3.2183936866554053 37
50 2.3 1.1883279551630437 0.23090770795145377 73.340087890625 0.73779296875 2.3555168383049243 66
60 3.2 1.21759033203125 0.43387635789821943 73.340087890625 0.73779296875 2.053883756144663 89
70 3.7 1.2480336782094594 0.4217251002366505 73.340087890625 0.73779296875 1.832715247288223 121
80 4.1 1.1651283822408536 0.24661889282179358 73.340087890625 0.735107421875 1.6957961456685127 158
90 7.5 1.1769759114583331 0.23723657144253046 73.340087890625 0.735107421875 1.5864625863693467 199
100 9.3 1.2925539734543008 1.6063881900566772 73.340087890625 0.72607421875 1.4743768176893248 274
110 6.8 1.1904440487132355 0.23521185258153443 73.340087890625 0.721923828125 1.4283018190139645 367
120 11.7 1.2011197081997866 0.3972651340945386 73.340087890625 0.7080078125 1.391119454920977 435
130 14.5 1.116881061422413 0.2339137759653257 73.340087890625 0.68603515625 1.3508477694746377 552
140 15.9 1.165852864583334 0.8269803990012281 73.340087890625 0.68115234375 1.302174637957317 697
150 18 1.1088148328993055 0.22723217017528094 73.340087890625 0.6669921875 1.276853187061916 856
160 19.2 1.172009785970051 0.22711245439521763 73.340087890625 0.6669921875 1.24765733402208 1036
170 19.3 1.2509993320919692 0.7841032448647252 73.340087890625 0.6669921875 1.2358297043592221 1228
180 23.4 1.2138369307558765 0.2995667802138702 73.340087890625 0.6669921875 1.2378900408493136 1421
190 35.9 1.1440878525417824 0.258018354753731 73.340087890625 0.6669921875 1.2344891781533232 1655
200 39.5 1.1269067691851273 0.5232205531797378 73.340087890625 0.65283203125 1.2183749398740067 2014
210 39.1 1.176547389506075 0.9529364650426139 73.340087890625 0.65283203125 1.2033770455518369 2409
220 46.5 1.1236653645833323 0.24760248756949793 73.340087890625 0.65283203125 1.1996304757254466 2800
230 50.3 1.0993739710176431 0.28090413914779927 73.340087890625 0.65283203125 1.1888115548430322 3265
240 46.6 1.1924404422612653 1.2846132560526247 73.340087890625 0.651123046875 1.1768723020128384 3768
250 49.4 1.0886917423140183 0.2556674913140428 73.340087890625 0.64404296875 1.1785857534431095 4234
260 62.8 1.095218731339569 0.3743943138759977 73.340087890625 0.634033203125 1.1691932742769142 4728
270 55.3 1.0873652590981018 0.22861786821481156 73.340087890625 0.634033203125 1.16051963481376 5356
280 59.1 1.1217571845917933 0.2609421273564857 73.340087890625 0.634033203125 1.1536734053721018 5909
290 62.7 1.1661783854166674 0.6259515732047933 73.340087890625 0.634033203125 1.150771484375 6500
300 64.1 1.1588471839654841 0.3087187009974408 73.340087890625 0.634033203125 1.1521269111959804 7127
310 67.7 1.1037561594119265 0.3450768277397014 73.340087890625 0.6220703125 1.1526814548166358 7768
320 70 1.1399748883928558 0.6530238294456899 73.340087890625 0.6220703125 1.148759320418887 8445
330 81.3 1.0873879295433573 0.2320634318067187 73.340087890625 0.601806640625 1.1480869199357573 9145
340 80.4 1.0928381165461727 0.22833381895124796 73.340087890625 0.601806640625 1.1431312783220777 9958
350 83.9 1.119705727614717 0.6568852690058324 73.340087890625 0.601806640625 1.1393740118225584 10762
360 78 1.1109844501201924 0.25726277570531414 73.340087890625 0.601806640625 1.1379515749248446 11601
370 89.9 1.1634395204741395 0.5703873771464073 73.340087890625 0.601806640625 1.136252652596468 12381
380 94.4 1.1548573122186165 0.8512852301648138 73.340087890625 0.601806640625 1.1380930889083678 13280
390 82 1.1172830721227127 0.23154391778446679 73.340087890625 0.601806640625 1.1392056751573045 14224
400 103.1 1.1330675334171931 0.26621649378885304 73.340087890625 0.551025390625 1.1380107446542227 15044
410 94.6 1.115302765344213 0.531552960307506 73.340087890625 0.551025390625 1.1376937026146967 16075
420 95.9 1.1673053188542755 0.46161070023537154 73.340087890625 0.551025390625 1.1364492500761927 17021
430 122.6 1.1622127265370124 0.32322080339317094 73.340087890625 0.551025390625 1.1380950214865475 17980
440 146 1.1322095061001718 0.5772924092642616 73.340087890625 0.551025390625 1.1396345563398158 19206
450 148.6 1.7872647969591169 25.87298600190778 998.406982421875 0.551025390625 1.1391099955467314 20666
460 148.5 1.0971651738741597 0.24470759712708273 998.406982421875 0.551025390625 1.1825895023587034 22152
470 190.8 1.1226224439449022 0.2483969815015331 998.406982421875 0.551025390625 1.1772226991349632 23637
480 189 1.1225131241732786 0.2956218751992024 998.406982421875 0.551025390625 1.1731445121354473 25545
490 181.5 1.1267874053030322 0.48624480740136045 998.406982421875 0.551025390625 1.1696565105590486 27435
500 331.6 1.1087486718043178 0.5330779914556358 998.406982421875 0.551025390625 1.1669964276175213 29250
510 395.4 1.1010966322671674 0.33576922526002384 998.406982421875 0.541015625 1.1610654088164225 32566
520 379.7 1.0924408867197752 0.2365320885218413 998.406982421875 0.541015625 1.1545726228778752 36520
