0 4 4
10 11 7
20 9 -2
30 10 1
40 17 7
50 15 -2
60 29 14
70 28 -1
80 18 -10
90 48 30
100 59 11
110 56 -3
120 84 28
130 111 27
140 117 6
150 139 22
160 141 2
170 161 20
180 219 58
190 413 194
200 683 270
210 927 244
220 1141 214
230 1167 26
240 1180 13
250 1161 -19
260 1248 87
270 1254 6
280 1272 18
290 1323 51
300 1290 -33
310 1301 11
320 1349 48
330 1342 -7
340 1416 74
350 1426 10
360 1437 11
370 1471 34
380 1476 5
390 1475 -1
400 1560 85
410 1493 -67
420 1513 20
430 1661 148
440 1807 146
450 1915 108
460 1917 2
470 2107 190
480 2156 49
490 2180 24
500 3036 856
510 3414 378
520 3461 47
