0 0.1 0.13836485986810368 0 0.13836485986810368 0.13836485986810368 0 0
10 0.1 0.24826216484607747 0.0 0.24826216484607747 0.13836485986810368 0.13836485986810368 1
20 0.1 0.1862428606903402 0.0 0.24826216484607747 0.13836485986810368 0.19331351235709057 2
30 0.1 0.1861966236345581 0.0 0.24826216484607747 0.13836485986810368 0.19095662846817377 3
40 0.1 0.1861966236345581 0.0 0.24826216484607747 0.13836485986810368 0.18976662725976987 4
50 0.1 0.33511232468660795 0.0 0.33511232468660795 0.13836485986810368 0.1890526265347275 5
60 0.1 0.3103277060575968 0.0 0.33511232468660795 0.13836485986810368 0.21339590956004093 6
70 0.1 0.3599801390268123 0.0 0.3599801390268123 0.13836485986810368 0.22724330905969176 7
80 0.1 0.3975155279503106 0.0 0.3975155279503106 0.13836485986810368 0.24383541280558182 8
90 0.1 0.4345127250155183 0.0 0.4345127250155183 0.13836485986810368 0.2609109811549961 9
100 0.1 0.5840685969926681 0.0 0.5840685969926681 0.13836485986810368 0.27827115554104837 10
110 0.1 0.7331013916500994 0.0 0.7331013916500994 0.13836485986810368 0.30607092294574106 11
120 0.1 0.6956521739130435 0.0 0.7331013916500994 0.13836485986810368 0.34165679533777094 12
130 0.1 0.9684628755897691 0.0 0.9684628755897691 0.13836485986810368 0.36888720907433037 13
140 0.1 1.093983092988563 0.0 1.093983092988563 0.13836485986810368 0.41171404239686177 14
150 0.1 1.2433171702101207 0.0 1.2433171702101207 0.13836485986810368 0.45719864576964186 15
160 0.1 1.3932081104615002 0.0 1.3932081104615002 0.13836485986810368 0.5063310535471718 16
170 0.1 1.479731410096991 0.0 1.479731410096991 0.13836485986810368 0.5585002921891912 17
180 0.1 1.4832356973700611 0.0 1.4832356973700611 0.13836485986810368 0.6096797987396244 18
190 0.1 2.661691542288557 0.0 2.661691542288557 0.13836485986810368 0.6556564249833317 19
200 0.1 3.1491162559123724 0.0 3.1491162559123724 0.13836485986810368 0.7559581808485929 20
210 0.1 1.9932727046219012 0.0 3.1491162559123724 0.13836485986810368 0.8699180891849633 21
220 0.1 2.0716335954074627 0.0 3.1491162559123724 0.13836485986810368 0.920979662613915 22
230 0.1 2.9551122194513715 0.0 3.1491162559123724 0.13836485986810368 0.971008094474504 23
240 0.1 3.3578829109973785 0.0 3.3578829109973785 0.13836485986810368 1.0536790996818735 24
250 0.1 3.393636930754835 0.0 3.393636930754835 0.13836485986810368 1.1458472521344938 25
260 0.1 3.2725455908068946 0.0 3.393636930754835 0.13836485986810368 1.2323007013121992 26
270 0.1 4.060281479636318 0.0 4.060281479636318 0.13836485986810368 1.3078653268490397 27
280 0.1 3.6935363114549533 0.0 4.060281479636318 0.13836485986810368 1.4061659037342995 28
290 0.1 3.8418360982911315 0.0 4.060281479636318 0.13836485986810368 1.4850407453798393 29
300 0.1 3.915436577433075 0.0 4.060281479636318 0.13836485986810368 1.5636005904768824 30
310 0.1 4.189003864854756 0.0 4.189003864854756 0.13836485986810368 1.6394662674754694 31
320 0.1 4.431960049937578 0.0 4.431960049937578 0.13836485986810368 1.719139317393572 32
330 0.1 4.620956662919945 0.0 4.620956662919945 0.13836485986810368 1.801346006258542 33
340 0.1 4.8078126956304 0.0 4.8078126956304 0.13836485986810368 1.8842757314544656 34
350 0.1 4.949381327334083 0.0 4.949381327334083 0.13836485986810368 1.9678053590023494 35
360 0.1 5.205205205205205 0.0 5.205205205205205 0.13836485986810368 2.050626913678231 36
370 0.1 6.593269110471662 0.0 6.593269110471662 0.13836485986810368 2.135885786422203 37
380 0.1 7.292581900338899 0.0 7.292581900338899 0.13836485986810368 2.253185347581399 38
390 0.1 5.753869196205692 0.0 7.292581900338899 0.13836485986810368 2.3824006438059504 39
400 0.1 5.4308290480371255 0.0 7.292581900338899 0.13836485986810368 2.466687357615944 40
410 0.1 6.132194018597638 0.0 7.292581900338899 0.13836485986810368 2.5389834964067046 41
420 0.1 6.244503078276165 0.0 7.292581900338899 0.13836485986810368 2.6245361278874415 42
430 0.1 5.90754503086031 0.0 7.292581900338899 0.13836485986810368 2.7087214058034585 43
440 0.1 7.735991923271075 0.0 7.735991923271075 0.13836485986810368 2.7814219427365687 44
450 0.1 8.341746592629985 0.0 8.341746592629985 0.13836485986810368 2.8915234978595583 45
460 0.1 8.93466447617844 0.0 8.93466447617844 0.13836485986810368 3.010006608615437 46
470 0.1 9.095515581454269 0.0 9.095515581454269 0.13836485986810368 3.1360631589891175 47
480 0.1 10.396039603960396 0.0 10.396039603960396 0.13836485986810368 3.2602184177904747 48
490 0.1 10.836937166115494 0.0 10.836937166115494 0.13836485986810368 3.405847421589861 49
500 0.1 11.566018423746161 0.0 11.566018423746161 0.13836485986810368 3.5544692164803733 50
510 0.1 16.104575163398692 0.0 16.104575163398692 0.13836485986810368 3.71155841662284 51
520 0.1 17.50558549086608 0.0 17.50558549086608 0.13836485986810368 3.949885661753145 52
