10 0.3 3
20 0 3
30 0.1 4
40 0.3 7
50 0.3 10
60 0.3 13
70 0.3 16
80 1.1 27
90 1 37
100 0.9 46
110 1 56
120 1.2 68
130 1.4 82
140 2.2 104
150 2.5 129
160 2.5 154
170 1.9 173
180 3 203
190 4 243
200 3.3 276
210 3.6 312
220 5.8 370
230 7.5 445
240 5.9 504
250 7.7 581
260 8.1 662
270 9.1 753
280 9.1 844
290 7.5 919
300 9.5 1014
310 8.4 1098
320 9.6 1194
330 13.2 1326
340 10.5 1431
350 12 1551
360 9.8 1649
370 12.8 1777
380 13.8 1915
390 12.3 2038
400 15.1 2189
410 13.4 2323
420 11.6 2439
430 17 2609
440 22.7 2836
450 19 3026
460 20.1 3227
470 26.5 3492
480 25.8 3750
490 25.6 4006
500 41.9 4425
510 57.9 5004
520 54.9 5553
