0 0.2 2
10 0.9 11
20 0.8 19
30 1 29
40 2.1 50
50 2.4 74
60 1.8 92
70 3.8 130
80 5.1 181
90 4.9 230
100 7.8 308
110 7.2 380
120 9.2 472
130 12.2 594
140 15.2 746
150 15.3 899
160 18.8 1087
170 17.5 1262
180 17.5 1437
190 16.4 1601
200 12.6 1727
210 14.6 1873
220 25.2 2125
230 47.6 2601
240 48.1 3082
250 50.1 3583
260 54.8 4131
270 54.8 4679
280 57.2 5251
290 57.3 5824
300 68.7 6511
310 65.6 7167
320 65.6 7823
330 80.6 8629
340 74.1 9370
350 82.6 10196
360 76.7 10963
370 87.7 11840
380 93.3 12773
390 81 13583
400 95.3 14536
410 101 15546
420 93.4 16480
430 107.3 17553
440 131.9 18872
450 137.3 20245
460 148.5 21730
470 171.2 23442
480 184.2 25284
490 189.6 27180
500 249.2 29672
510 361.7 33289
520 372.1 37010
