0 0.1 29463.4375 0 29463.4375 29463.4375 0 0
10 0.1 29462.15234375 0.0 29463.4375 29462.15234375 29463.4375 1
20 0.1 29459.3984375 0.0 29463.4375 29459.3984375 29462.794921875 2
30 0.1 29458.546875 0.0 29463.4375 29458.546875 29461.662760416668 3
40 0.1 29457.95703125 0.0 29463.4375 29457.95703125 29460.8837890625 4
50 0.1 29454.5078125 0.0 29463.4375 29454.5078125 29460.2984375 5
60 0.1 29454.87109375 0.0 29463.4375 29454.5078125 29459.333333333332 6
70 0.1 29454.40625 0.0 29463.4375 29454.40625 29458.695870535714 7
80 0.1 29451.890625 0.0 29463.4375 29451.890625 29458.15966796875 8
90 0.1 29451.890625 0.0 29463.4375 29451.890625 29457.46310763889 9
100 0.1 29447.828125 0.0 29463.4375 29447.828125 29456.905859375 10
110 0.1 29443.23046875 0.0 29463.4375 29443.23046875 29456.080610795456 11
120 0.1 29442.54296875 0.0 29463.4375 29442.54296875 29455.009765625 12
130 0.1 29440.734375 0.0 29463.4375 29440.734375 29454.05078125 13
140 0.1 29432.42578125 0.0 29463.4375 29432.42578125 29453.099609375 14
150 0.1 29417.65234375 0.0 29463.4375 29417.65234375 29451.721354166668 15
160 0.1 29416.0703125 0.0 29463.4375 29416.0703125 29449.592041015625 16
170 0.1 29414.94921875 0.0 29463.4375 29414.94921875 29447.620174632353 17
180 0.1 29413.86328125 0.0 29463.4375 29413.86328125 29445.805121527777 18
190 0.1 29397.64453125 0.0 29463.4375 29397.64453125 29444.123972039473 19
200 0.1 29358.38671875 0.0 29463.4375 29358.38671875 29441.8 20
210 0.1 29327.265625 0.0 29463.4375 29327.265625 29437.827938988095 21
220 0.1 29286.90625 0.0 29463.4375 29286.90625 29432.802379261364 22
230 0.1 29249.68359375 0.0 29463.4375 29249.68359375 29426.45906929348 23
240 0.1 29234.90234375 0.0 29463.4375 29234.90234375 29419.093424479168 24
250 0.1 29230.6015625 0.0 29463.4375 29230.6015625 29411.72578125 25
260 0.1 29230.92578125 0.0 29463.4375 29230.6015625 29404.75946514423 26
270 0.1 29226.0234375 0.0 29463.4375 29226.0234375 29398.321180555555 27
280 0.1 29225.88671875 0.0 29463.4375 29225.88671875 29392.16768973214 28
290 0.1 29225.171875 0.0 29463.4375 29225.171875 29386.43386314655 29
300 0.1 29227.73046875 0.0 29463.4375 29225.171875 29381.058463541667 30
310 0.1 29229.75 0.0 29463.4375 29225.171875 29376.11239919355 31
320 0.1 29228.4609375 0.0 29463.4375 29225.171875 29371.53857421875 32
330 0.1 29227.83984375 0.0 29463.4375 29225.171875 29367.202888257576 33
340 0.1 29232.828125 0.0 29463.4375 29225.171875 29363.103975183825 34
350 0.1 29232.97265625 0.0 29463.4375 29225.171875 29359.381808035716 35
360 0.1 29232.69140625 0.0 29463.4375 29225.171875 29355.870442708332 36
370 0.1 29227.41015625 0.0 29463.4375 29225.171875 29352.54127956081 37
380 0.1 29203.35546875 0.0 29463.4375 29203.35546875 29349.248355263157 38
390 0.1 29197.04296875 0.0 29463.4375 29197.04296875 29345.50751201923 39
400 0.1 29195.7578125 0.0 29463.4375 29195.7578125 29341.7958984375 40
410 0.1 29197.9765625 0.0 29463.4375 29195.7578125 29338.23399390244 41
420 0.1 29193.109375 0.0 29463.4375 29193.109375 29334.89453125 42
430 0.1 29179.55859375 0.0 29463.4375 29179.55859375 29331.597202034885 43
440 0.1 29164.36328125 0.0 29463.4375 29164.36328125 29328.14177911932 44
450 0.1 29153.4453125 0.0 29463.4375 29153.4453125 29324.502256944445 45
460 0.1 29149.08203125 0.0 29463.4375 29149.08203125 29320.783627717392 46
470 0.1 29145.41796875 0.0 29463.4375 29145.41796875 29317.13040226064 47
480 0.1 29138.17578125 0.0 29463.4375 29138.17578125 29313.553059895832 48
490 0.1 29135.70703125 0.0 29463.4375 29135.70703125 29309.973931760203 49
500 0.1 29115.65625 0.0 29463.4375 29115.65625 29306.48859375 50
510 0.1 29072.828125 0.0 29463.4375 29072.828125 29302.746783088234 51
520 0.1 29048.39453125 0.0 29463.4375 29048.39453125 29298.32527043269 52
