0 0.1 0.0 0 0.0 0.0 0 0
10 0.1 0.0 0.0 0.0 0.0 0.0 1
20 0.1 0.0 0.0 0.0 0.0 0.0 2
30 0.1 0.0 0.0 0.0 0.0 0.0 3
40 0.1 0.0 0.0 0.0 0.0 0.0 4
50 0.1 0.078125 0.0 0.078125 0.0 0.0 5
60 0.1 0.0703125 0.0 0.078125 0.0 0.013020833333333334 6
70 0.1 0.05859375 0.0 0.078125 0.0 0.021205357142857144 7
80 0.1 0.05078125 0.0 0.078125 0.0 0.02587890625 8
90 0.1 0.0390625 0.0 0.078125 0.0 0.028645833333333332 9
100 0.1 0.0390625 0.0 0.078125 0.0 0.0296875 10
110 0.1 0.03125 0.0 0.078125 0.0 0.030539772727272728 11
120 0.1 0.03125 0.0 0.078125 0.0 0.030598958333333332 12
130 0.1 0.01953125 0.0 0.078125 0.0 0.03064903846153846 13
140 0.1 0.01953125 0.0 0.078125 0.0 0.029854910714285716 14
150 0.1 0.01953125 0.0 0.078125 0.0 0.029166666666666667 15
160 0.1 0.01171875 0.0 0.078125 0.0 0.028564453125 16
170 0.1 0.01171875 0.0 0.078125 0.0 0.027573529411764705 17
180 0.1 0.01171875 0.0 0.078125 0.0 0.026692708333333332 18
190 0.1 0.08984375 0.0 0.08984375 0.0 0.025904605263157895 19
200 0.1 0.0703125 0.0 0.08984375 0.0 0.0291015625 20
210 0.1 0.05859375 0.0 0.08984375 0.0 0.031063988095238096 21
220 0.1 0.05078125 0.0 0.08984375 0.0 0.03231534090909091 22
230 0.1 0.12109375 0.0 0.12109375 0.0 0.03311820652173913 23
240 0.1 0.1015625 0.0 0.12109375 0.0 0.036783854166666664 24
250 0.1 0.08984375 0.0 0.12109375 0.0 0.039375 25
260 0.1 0.1484375 0.0 0.1484375 0.0 0.04131610576923077 26
270 0.1 0.12890625 0.0 0.1484375 0.0 0.04528356481481482 27
280 0.1 0.1796875 0.0 0.1796875 0.0 0.04827008928571429 28
290 0.1 0.1484375 0.0 0.1796875 0.0 0.052801724137931036 29
300 0.1 0.12890625 0.0 0.1796875 0.0 0.055989583333333336 30
310 0.1 0.109375 0.0 0.1796875 0.0 0.05834173387096774 31
320 0.1 0.08984375 0.0 0.1796875 0.0 0.0599365234375 32
330 0.1 0.23828125 0.0 0.23828125 0.0 0.06084280303030303 33
340 0.1 0.19921875 0.0 0.23828125 0.0 0.06606158088235294 34
350 0.1 0.171875 0.0 0.23828125 0.0 0.06986607142857143 35
360 0.1 0.1484375 0.0 0.23828125 0.0 0.07269965277777778 36
370 0.1 0.12109375 0.0 0.23828125 0.0 0.07474662162162163 37
380 0.1 0.1796875 0.0 0.23828125 0.0 0.07596628289473685 38
390 0.1 0.1484375 0.0 0.23828125 0.0 0.0786258012820513 39
400 0.1 0.12890625 0.0 0.23828125 0.0 0.08037109375000001 40
410 0.1 0.19140625 0.0 0.23828125 0.0 0.0815548780487805 41
420 0.1 0.23046875 0.0 0.23828125 0.0 0.08417038690476193 42
430 0.1 0.19921875 0.0 0.23828125 0.0 0.08757267441860468 43
440 0.1 0.171875 0.0 0.23828125 0.0 0.09011008522727276 44
450 0.1 0.2890625 0.0 0.2890625 0.0 0.09192708333333337 45
460 0.1 0.3984375 0.0 0.3984375 0.0 0.09621263586956526 46
470 0.1 0.6484375 0.0 0.6484375 0.0 0.10264295212765961 47
480 0.1 0.69921875 0.0 0.69921875 0.0 0.11401367187500004 48
490 0.1 0.6796875 0.0 0.69921875 0.0 0.12595663265306126 49
500 0.1 0.6484375 0.0 0.69921875 0.0 0.13703125000000005 50
510 0.1 0.62890625 0.0 0.69921875 0.0 0.14705882352941183 51
520 0.1 0.53125 0.0 0.69921875 0.0 0.15632512019230776 52
