0 1.7 106.41034294577206 156.77755330968557 530.162109375 10.382080078125 0 0
10 4.5 116.03346896701389 157.30233611086896 536.381103515625 9.534912109375 106.41034294577206 17
20 5.2 127.82342529296876 176.03718091561512 568.861083984375 9.4130859375 113.39486989667338 62
30 3.8 77.24375513980262 125.69622268107665 568.861083984375 9.4130859375 119.97631621779057 114
40 12.2 125.06940197553791 180.14485650583828 847.328125 8.762939453125 109.29317594829358 152
50 15.3 135.4906891467524 199.8596666535301 970.556884765625 8.762939453125 116.317626953125 274
60 11.4 85.31477222108006 142.67754688023197 970.556884765625 8.762939453125 123.18760005763318 427
70 21.3 119.37873775858273 178.7312192889455 1071.491943359375 8.401123046875 115.20700417340572 541
80 19.4 101.94025979582798 144.9831826657675 1071.491943359375 8.401123046875 116.3854912472024 754
90 26.9 102.43705891322026 158.9023062196946 1071.491943359375 8.280029296875 113.42939957888316 948
100 43.9 122.51953403064496 197.9390400596564 1177.51806640625 8.280029296875 110.99970390175636 1217
110 36.6 132.14138610506316 203.7880413001037 1177.51806640625 8.280029296875 114.05357191297743 1656
120 50.9 102.11406019769153 172.47744571569345 1177.51806640625 7.847900390625 117.32762730086239 2022
130 67.2 135.64767819359207 213.4136344985137 1177.51806640625 7.847900390625 114.26808338323538 2531
140 79.9 171.17685528541543 274.9631446292895 1308.8349609375 7.847900390625 118.75359312802455 3203
150 82.3 146.13260128721143 241.93986408643187 1308.8349609375 7.847900390625 129.21990658723377 4002
160 96.8 270.93944328875557 488.554049546723 2148.380126953125 7.847900390625 132.10470404590353 4825
170 93.9 225.72092542556922 401.52062287331495 2148.380126953125 7.847900390625 155.3037421241153 5793
180 96.5 512.8064331687182 855.9604680341395 4219.5439453125 7.847900390625 165.12574674682256 6732
190 112.8 1241.2330289800109 1148.4434990579873 5745.9580078125 7.847900390625 208.71569898758247 7697
200 101.3 3154.35503903358 1710.5510743100199 9188.1181640625 7.847900390625 340.6907186172096 8825
210 111.2 4640.6427153443265 2321.070538357209 14547.875 1.09716796875 630.4083397375372 9838
220 189 3650.3627019004225 3642.078104465676 19454.322998046875 0.930908203125 1037.6577119452768 10950
230 265.4 2848.1494404635364 4286.383581814852 23570.7080078125 0.886962890625 1422.2381193452163 12840
240 248.8 3084.855761561749 4816.772536441636 24736.125 0.868896484375 1666.4854825986063 15494
250 254.6 3706.856565944435 5121.684157788408 27127.10107421875 0.868896484375 1862.7320210292758 17982
260 286.8 2882.10627565689 4391.046724890932 27127.10107421875 0.868896484375 2091.450897264369 20528
270 301.7 2614.565272699494 4307.867231739063 27127.10107421875 0.868896484375 2188.3734321092033 23396
280 295.1 3119.6052984885923 4812.072971210096 27127.10107421875 0.868896484375 2237.054792918688 26413
290 311.8 2626.3549973033328 4298.359309296173 27127.10107421875 0.868896484375 2325.7486541752196 29364
300 348 2517.8559658708286 4221.0749149486355 27127.10107421875 0.847900390625 2354.6043458774993 32482
310 350.3 2291.003392808952 4134.203963742796 27127.10107421875 0.847900390625 2370.402011123503 35962
320 348.8 2245.11604526065 4191.42205608358 27127.10107421875 0.847900390625 2363.3544155335917 39465
330 406.9 2257.8869637906255 4233.538120141571 27127.10107421875 0.847900390625 2353.7528641748504 42953
340 401.4 2101.2305231251253 4097.422125380777 27127.10107421875 0.847900390625 2345.457207914729 47022
350 441.3 2026.5758835865781 3866.314920460343 27127.10107421875 0.847900390625 2326.2486901479474 51036
360 422.7 1840.092416843173 3688.4441654704206 27127.10107421875 0.847900390625 2302.3987362199173 55449
370 458 1980.3795925090533 3763.624038665229 27127.10107421875 0.847900390625 2269.652425944337 59676
380 479.4 1670.6627613333378 3511.4325498675803 27127.10107421875 0.847900390625 2249.0338132523925 64256
390 447.6 1785.5821479749636 3873.4746444731086 27127.10107421875 0.847900390625 2208.878696338563 69050
400 499.6 1729.1219594816466 3865.425585184956 27127.10107421875 0.821044921875 2183.109915900684 73526
410 507.3 1813.9001064439635 3802.4947818152623 27127.10107421875 0.821044921875 2154.2247139156416 78522
420 504.8 1598.4282700528054 3450.7998847552626 27127.10107421875 0.821044921875 2133.5719627498565 83595
430 556.7 1514.2393673622175 3563.867256696105 27127.10107421875 0.821044921875 2103.09685066278 88643
440 706.5 1294.8494795813397 3192.826220195831 27127.10107421875 0.819091796875 2068.3004425369522 94210
450 762.3 966.3979511723871 2871.649743811904 27127.10107421875 0.819091796875 2014.3440756815446 101275
460 773.6 1195.2850063130643 3202.7363348073523 27127.10107421875 0.819091796875 1940.9864997193295 108898
470 918.5 915.294726190375 2846.6902842118907 27127.10107421875 0.819091796875 1891.526250109517 116634
480 990 858.3535414447208 2665.3861509143853 27127.10107421875 0.81494140625 1820.2596961931981 125819
490 931.1 879.3092276870533 2708.3676476995197 27127.10107421875 0.81494140625 1750.0936108845094 135719
500 1361.2 705.3044374047223 2386.929754085989 27127.10107421875 0.81494140625 1694.1888091748526 145030
510 1896.9 445.39610251996334 1774.9026818990164 27127.10107421875 0.81494140625 1609.339311131869 158642
520 1989.7 383.1678920979172 1664.7745546464325 27127.10107421875 0.794921875 1485.0292249088352 177611
