10 0.1 143 0 143 143 0 0
20 0.1 439.0 0.0 439 143 143.0 1
30 0.1 410.0 0.0 439 143 291.0 2
40 0.1 329.0 0.0 439 143 330.6666666666667 3
50 0.1 1101.0 0.0 1101 143 330.25 4
60 0.1 1233.0 0.0 1233 143 484.4 5
70 0.1 979.0 0.0 1233 143 609.1666666666666 6
80 0.1 1674.0 0.0 1674 143 662.0 7
90 0.1 1513.0 0.0 1674 143 788.5 8
100 0.1 2709.0 0.0 2709 143 869.0 9
110 0.1 3630.0 0.0 3630 143 1053.0 10
120 0.1 3131.0 0.0 3630 143 1287.2727272727273 11
130 0.1 4510.0 0.0 4510 143 1440.9166666666667 12
140 0.1 5629.0 0.0 5629 143 1677.0 13
150 0.1 7150.0 0.0 7150 143 1959.2857142857142 14
160 0.1 7065.0 0.0 7150 143 2305.3333333333335 15
170 0.1 8487.0 0.0 8487 143 2602.8125 16
180 0.1 8345.0 0.0 8487 143 2948.9411764705883 17
190 0.1 8522.0 0.0 8522 143 3248.722222222222 18
200 0.1 9585.0 0.0 9585 143 3526.2631578947367 19
210 0.1 9307.0 0.0 9585 143 3829.2 20
220 0.1 9610.0 0.0 9610 143 4090.0476190476193 21
230 0.1 11954.0 0.0 11954 143 4340.954545454545 22
240 0.1 11414.0 0.0 11954 143 4671.95652173913 23
250 0.1 11677.0 0.0 11954 143 4952.874999999999 24
260 0.1 12022.0 0.0 12022 143 5221.839999999999 25
270 0.1 12866.0 0.0 12866 143 5483.384615384615 26
280 0.1 11652.0 0.0 12866 143 5756.814814814815 27
290 0.1 12656.0 0.0 12866 143 5967.357142857143 28
300 0.1 13218.0 0.0 13218 143 6198.0 29
310 0.1 12721.0 0.0 13218 143 6432.0 30
320 0.1 13834.0 0.0 13834 143 6634.870967741936 31
330 0.1 13664.0 0.0 13834 143 6859.84375 32
340 0.1 14123.0 0.0 14123 143 7066.030303030303 33
350 0.1 14682.0 0.0 14682 143 7273.588235294118 34
360 0.1 15401.0 0.0 15401 143 7485.257142857143 35
370 0.1 16105.0 0.0 16105 143 7705.138888888889 36
380 0.1 16325.0 0.0 16325 143 7932.1621621621625 37
390 0.1 15214.0 0.0 16325 143 8153.026315789473 38
400 0.1 15059.0 0.0 16325 143 8334.076923076924 39
410 0.1 16370.0 0.0 16370 143 8502.2 40
420 0.1 16829.0 0.0 16829 143 8694.09756097561 41
430 0.1 15835.0 0.0 16829 143 8887.785714285714 42
440 0.1 19709.0 0.0 19709 143 9049.348837209302 43
450 0.1 20528.0 0.0 20528 143 9291.613636363634 44
460 0.1 21076.0 0.0 21076 143 9541.311111111108 45
470 0.1 22797.0 0.0 22797 143 9792.065217391302 46
480 0.1 25055.0 0.0 25055 143 10068.765957446805 47
490 0.1 25566.0 0.0 25566 143 10380.979166666662 48
500 0.1 27380.0 0.0 27380 143 10690.877551020403 49
510 0.1 41719.0 0.0 41719 143 11024.659999999996 50
520 0.1 45466.0 0.0 45466 143 11626.509803921565 51
