0 2.1 86.12869698660714 146.1003415919919 530.162109375 10.382080078125 0 0
10 5.4 96.68272569444444 146.85460734100693 536.381103515625 9.512939453125 86.12869698660714 21
20 6.8 97.73344511144302 160.21510781905957 568.861083984375 8.162841796875 93.72759765625 75
30 4.7 62.441629612699465 95.7306346833114 568.861083984375 8.162841796875 95.6324761664117 143
40 14.8 104.14423432221284 157.6403964662801 847.328125 7.684814453125 87.42210886101974 190
50 18.2 113.03272155091001 183.84089893383282 970.556884765625 7.684814453125 94.74422296828772 338
60 13 75.78820988581734 133.6609880381392 970.556884765625 7.684814453125 101.14519747220551 520
70 25.3 100.60987196609437 157.27393264699543 1071.491943359375 7.684814453125 96.07379995492788 650
80 24.1 81.39829567557057 124.94984195112983 1071.491943359375 7.684814453125 97.34470385174419 903
90 32.1 86.22195425063279 140.585633348657 1071.491943359375 7.684814453125 93.98536436707823 1144
100 54.4 98.63030153162337 172.9161156972466 1071.491943359375 7.684814453125 92.28430317432807 1465
110 44.6 108.42816353699553 183.571448348699 1071.491943359375 7.684814453125 94.00268202269474 2009
120 60.7 86.00060009524299 153.44864823088636 1071.491943359375 7.684814453125 96.62336013079175 2455
130 82.5 110.56602805397722 191.17091098130373 1071.491943359375 7.684814453125 94.517541926488 3062
140 97.8 139.7654275406602 247.72398662147816 1308.8349609375 7.684814453125 97.92376807909376 3887
150 100.3 119.97161153258965 218.56871236385152 1308.8349609375 7.684814453125 106.33510270466662 4865
160 120.4 217.79919352483898 443.4257776371732 2107.5400390625 7.684814453125 108.66595109498816 5868
170 112.5 188.51859201388893 363.9975702625 2107.5400390625 7.684814453125 127.24576216477611 7072
180 117.8 425.2515516815445 764.714928252285 4219.5439453125 7.684814453125 135.65517214162762 8197
190 131.9 1096.3937110929794 1001.1197771486835 5221.821044921875 7.684814453125 172.0439225520833 9375
200 119 2802.5089722705484 1424.0081109215894 8103.10595703125 7.684814453125 286.05340180076877 10694
210 132.5 4159.593964659492 1733.3770204523541 10074.074951171875 1.05712890625 538.0377613479783 11884
220 226 3214.9820939055558 2972.92796600525 11338.4658203125 0.91796875 901.3174925454765 13209
230 326.4 2381.683104571177 3346.980696885556 14338.18701171875 0.886962890625 1239.3407648367545 15469
240 300 2640.837784261064 3759.052541516674 14338.18701171875 0.868896484375 1438.380181742384 18733
250 308.7 3001.427305646026 3661.903456120662 14863.758056640625 0.868896484375 1604.3661389298884 21733
260 345.5 2348.022877142501 3132.950877684622 14863.758056640625 0.85888671875 1778.126325136686 24820
270 361.4 2205.7717768843836 3380.20570088316 14863.758056640625 0.85888671875 1847.763551915823 28275
280 355.8 2623.679187210709 3690.336732437023 14863.758056640625 0.85888671875 1888.3368444316238 31889
290 377.4 2134.0242853291 3134.7615664352124 14863.758056640625 0.85888671875 1962.1469850812693 35447
300 420.2 2096.6413875182243 3210.22897121149 14863.758056640625 0.847900390625 1978.6856998293715 39221
310 424.3 1898.4245957611245 3140.4012974864586 14863.758056640625 0.847900390625 1990.1001529917178 43423
320 421.3 1846.976035798329 3176.460242402192 14863.758056640625 0.847900390625 1981.93963208941 47666
330 489.6 1847.155335469962 3183.5595840954793 14863.758056640625 0.8330078125 1970.9794819096778 51879
340 485.6 1756.5580044138387 3166.656424549872 14863.758056640625 0.8330078125 1960.3014894663693 56775
350 529.3 1651.7211641462623 2902.1024913725814 14999.107177734375 0.8330078125 1944.2482311480703 61631
360 508.4 1554.0114074755052 2920.884695891328 14999.107177734375 0.8330078125 1921.1123491679052 66924
370 550.5 1631.6335178247095 2882.877477718747 14999.107177734375 0.593017578125 1895.1938236212416 72008
380 572.3 1402.549083826363 2791.981640068818 14999.107177734375 0.593017578125 1876.4756797820157 77513
390 539.5 1536.5888637935107 3157.1819135156065 14999.107177734375 0.593017578125 1843.8902370810908 83236
400 603.7 1437.645558727366 2907.8608406958783 14999.107177734375 0.593017578125 1825.1846949018702 88631
410 611 1454.2394479305199 2775.443178667684 14999.107177734375 0.593017578125 1800.4712356010982 94668
420 613.8 1333.752487744435 2690.48057090356 14999.107177734375 0.593017578125 1779.4797868457424 100778
430 670.2 1238.4546565798892 2728.221185827059 14999.107177734375 0.593017578125 1753.8907808795275 106916
440 855.5 1070.3448255029448 2469.9616841833276 14999.107177734375 0.593017578125 1723.4866820126563 113618
450 914.5 813.0531075404082 2309.068519295948 14999.107177734375 0.593017578125 1677.7513019987368 122173
460 936.9 989.5469050192133 2506.9523779243436 15127.64990234375 0.593017578125 1617.5336243892589 131318
470 1102.5 745.4847333165038 2209.0272039344263 15127.64990234375 0.593017578125 1575.7130754133198 140687
480 1201.6 717.8145522766512 2124.4619891968823 15127.64990234375 0.593017578125 1515.3798949686786 151712
490 1122 716.7249598974012 2107.32107675006 15127.64990234375 0.593017578125 1456.846564336243 163728
500 1633.9 579.7905774300057 1905.417292664581 15127.64990234375 0.593017578125 1409.380092002728 174948
510 2309.4 357.5229396937345 1388.7333496259969 15127.64990234375 0.593017578125 1338.519745619525 191287
520 2404.4 320.7574812794371 1390.9754977763673 15127.64990234375 0.593017578125 1232.8427488891703 214381
