10 0.1 102 0 102 102 0 0
20 0.1 290.0 0.0 290 102 102.0 1
30 0.1 263.0 0.0 290 102 196.0 2
40 0.1 235.0 0.0 290 102 218.33333333333334 3
50 0.1 710.0 0.0 710 102 222.5 4
60 0.1 760.0 0.0 760 102 320.0 5
70 0.1 681.0 0.0 760 102 393.3333333333333 6
80 0.1 1051.0 0.0 1051 102 434.42857142857144 7
90 0.1 1006.0 0.0 1051 102 511.5 8
100 0.1 1808.0 0.0 1808 102 566.4444444444445 9
110 0.1 2325.0 0.0 2325 102 690.6 10
120 0.1 2060.0 0.0 2325 102 839.1818181818181 11
130 0.1 3030.0 0.0 3030 102 940.9166666666666 12
140 0.1 3793.0 0.0 3793 102 1101.6153846153845 13
150 0.1 4594.0 0.0 4594 102 1293.857142857143 14
160 0.1 4738.0 0.0 4738 102 1513.8666666666666 15
170 0.1 5467.0 0.0 5467 102 1715.375 16
180 0.1 5480.0 0.0 5480 102 1936.0588235294117 17
190 0.1 5751.0 0.0 5751 102 2132.9444444444443 18
200 0.1 6658.0 0.0 6658 102 2323.3684210526317 19
210 0.1 6517.0 0.0 6658 102 2540.1 20
220 0.1 6768.0 0.0 6768 102 2729.4761904761904 21
230 0.1 9419.0 0.0 9419 102 2913.0454545454545 22
240 0.1 10443.0 0.0 10443 102 3195.913043478261 23
250 0.1 10497.0 0.0 10497 102 3497.875 24
260 0.1 10518.0 0.0 10518 102 3777.84 25
270 0.1 11919.0 0.0 11919 102 4037.076923076923 26
280 0.1 11234.0 0.0 11919 102 4329.0 27
290 0.1 11630.0 0.0 11919 102 4575.607142857143 28
300 0.1 12643.0 0.0 12643 102 4818.862068965517 29
310 0.1 12674.0 0.0 12674 102 5079.666666666667 30
320 0.1 13516.0 0.0 13516 102 5324.645161290323 31
330 0.1 13551.0 0.0 13551 102 5580.625 32
340 0.1 14727.0 0.0 14727 102 5822.151515151515 33
350 0.1 15139.0 0.0 15139 102 6084.058823529412 34
360 0.1 15670.0 0.0 15670 102 6342.771428571428 35
370 0.1 16555.0 0.0 16555 102 6601.861111111111 36
380 0.1 17136.0 0.0 17136 102 6870.864864864865 37
390 0.1 16467.0 0.0 17136 102 7141.0 38
400 0.1 16325.0 0.0 17136 102 7380.128205128205 39
410 0.1 18126.0 0.0 18126 102 7603.75 40
420 0.1 18002.0 0.0 18126 102 7860.390243902439 41
430 0.1 17517.0 0.0 18126 102 8101.857142857143 42
440 0.1 22435.0 0.0 22435 102 8320.813953488372 43
450 0.1 24566.0 0.0 24566 102 8641.59090909091 44
460 0.1 26097.0 0.0 26097 102 8995.466666666667 45
470 0.1 27292.0 0.0 27292 102 9367.239130434782 46
480 0.1 31595.0 0.0 31595 102 9748.617021276596 47
490 0.1 32198.0 0.0 32198 102 10203.75 48
500 0.1 34656.0 0.0 34656 102 10652.612244897959 49
510 0.1 55878.0 0.0 55878 102 11132.68 50
520 0.1 62492.0 0.0 62492 102 12010.039215686274 51
