0 0.2 1848.2198486328125 582.4019775390625 2430.621826171875 1265.81787109375 0 0
10 0.9 4055.6671006944443 3697.2312983313313 12865.9560546875 159.697021484375 1848.2198486328125 2
20 0.8 9171.590087890625 6611.548859683975 24455.376953125 159.697021484375 3654.313054865057 11
30 1 10658.636596679688 8116.9273109160295 24455.376953125 159.697021484375 5977.377068770559 19
40 2.1 6115.549281529018 5145.100500398918 26394.9169921875 159.697021484375 7591.6044921875 29
50 2.4 4806.788645426433 2906.597632431573 26394.9169921875 159.697021484375 6971.661303710937 50
60 1.8 9409.746405707465 8356.363351058695 26569.6220703125 159.697021484375 6269.540441564612 74
70 3.8 7573.35208932977 6731.357938633442 31023.529052734375 159.697021484375 6883.928564983866 92
80 5.1 7314.929969937194 7844.22669549349 37430.704833984375 159.697021484375 7085.452364408053 130
90 4.9 4328.9865124760845 4518.522438785676 37430.704833984375 159.697021484375 7150.111800220131 181
100 7.8 6115.597540439703 5605.02619546072 37430.704833984375 124.508056640625 6549.0894563094425 230
110 7.2 6846.20802476671 5387.794972790654 37430.704833984375 124.508056640625 6439.309036056717 308
120 9.2 6681.219439962636 6925.499954699129 37430.704833984375 124.508056640625 6516.405686549137 380
130 12.2 5864.439707271388 6037.5842150237895 42040.322021484375 102.861083984375 6548.53040119753 472
140 15.2 6076.973613538243 5442.87553414526 42040.322021484375 102.861083984375 6408.026925340646 594
150 15.3 6868.259928385417 6708.130466912442 42040.322021484375 102.861083984375 6340.573703632917 746
160 18.8 7103.794789415723 6538.846435495708 42040.322021484375 102.861083984375 6430.380146777669 899
170 17.5 8013.596138392856 8383.004240986635 51807.050048828125 102.861083984375 6546.849284602835 1087
180 17.5 7814.2761328125 6793.438216967118 51807.050048828125 102.861083984375 6750.241280968329 1262
190 16.4 11141.921234875193 9427.564105569949 51807.050048828125 102.861083984375 6879.821029801126 1437
200 12.6 13706.023315429688 7414.826636181268 53368.39501953125 102.861083984375 7316.413430570737 1601
210 14.6 19165.645869006836 8165.26892292073 53368.39501953125 17.279052734375 7782.592264092583 1727
220 25.2 18483.658144027468 10818.37256835312 55649.133056640625 17.279052734375 8669.899165490064 1873
230 47.6 18304.248994202175 13360.187796385679 62414.14892578125 17.279052734375 9833.695524356617 2125
240 48.1 21839.688225315902 15889.927175824505 71758.65893554688 17.279052734375 11383.862172432928 2601
250 50.1 24301.08062585766 16279.443783942186 71758.65893554688 17.279052734375 13015.676686202141 3082
260 54.8 22831.553731431053 18113.849867941826 75823.2587890625 11.498046875 14593.680418763519 3583
270 54.8 20569.63551408531 17485.51967722465 80831.64184570313 11.498046875 15686.479880235756 4131
280 57.2 22266.23155884643 17520.943389713622 94664.42919921875 11.498046875 16258.390392599413 4679
290 57.3 21653.00402171618 17627.93724592302 94664.42919921875 11.498046875 16912.834336056523 5251
300 68.7 21048.41452235148 17968.40471456908 94664.42919921875 6.356201171875 17379.200618660056 5824
310 65.6 19341.11690539848 16339.588061260554 94664.42919921875 6.356201171875 17766.35312239773 6511
320 65.6 19133.290130987392 16979.047884652115 94748.26416015625 6.35009765625 17910.492238017723 7167
330 80.6 18968.277565778648 16678.05714637035 94748.26416015625 6.22900390625 18013.030320312 7823
340 74.1 17516.241960492036 15292.455327710839 94748.26416015625 6.22900390625 18102.25610311952 8629
350 82.6 17630.97261871268 15368.309162792915 94748.26416015625 6.22900390625 18055.91282887331 9370
360 76.7 16614.223621671797 14489.49908135734 94748.26416015625 6.22900390625 18021.487503883836 10196
370 87.7 17592.29165812964 15626.594470816011 94748.26416015625 6.22900390625 17923.03166171868 10963
380 93.3 16613.667740571418 15220.392537452684 94748.26416015625 6.22900390625 17898.533436790673 11840
390 81 16121.830385561343 15269.250449413972 94748.26416015625 6.22900390625 17804.680802752264 12773
400 95.3 16058.344682243165 14676.62739110322 94748.26416015625 6.22900390625 17704.326769186435 13583
410 101 16735.405650284305 14727.676421416503 94748.26416015625 6.22900390625 17596.41393698659 14536
420 93.4 15738.412932500083 14302.389897782621 94748.26416015625 6.22900390625 17540.475536782727 15546
430 107.3 14827.333245809792 14002.790966682567 94748.26416015625 6.22900390625 17438.344076078843 16480
440 131.9 12735.299790805351 12651.169052511254 94748.26416015625 6.22900390625 17278.73519891376 17553
450 137.3 12398.521149192857 12598.589587313014 94748.26416015625 6.22900390625 16961.185850498387 18872
460 148.5 12610.238395511105 12279.878111902732 94748.26416015625 6.22900390625 16651.74951387737 20245
470 171.2 11731.40106372298 12305.278484807755 94748.26416015625 6.22900390625 16375.55788889928 21730
480 184.2 11151.36135794673 11497.66801012548 94748.26416015625 6.22900390625 16036.389025973685 23442
490 189.6 11849.363209269719 11793.464882633854 94748.26416015625 6.22900390625 15680.50305205715 25284
500 249.2 9632.659233766792 10394.862690035721 94748.26416015625 6.22900390625 15413.253561920103 27180
510 361.7 8354.201144740724 9133.052651888756 94748.26416015625 6.22900390625 14927.770916134243 29672
520 372.1 8389.723493650394 8557.768665443662 94748.26416015625 6.22900390625 14213.522910392698 33289
