0 89.821875 89.821875
10 264.00625 353.828125
20 363.03046875 716.85859375
30 206.43359375 923.2921875
40 727.46953125 1650.76171875
50 1016.35078125 2667.1125
60 630.69140625 3297.80390625
70 1260.5203125 4558.32421875
80 1171.67109375 5729.9953125
90 1622.228125 7352.2234375
100 2790.46484375 10142.68828125
110 2345.703125 12488.39140625
120 2959.3234375 15447.71484375
130 4188.0671875 19635.78203125
140 5156.69609375 24792.478125
150 5124.753125 29917.23125
160 6162.3828125 36079.6140625
170 5867.29140625 41946.90546875
180 5999.6765625 47946.58203125
190 6575.34296875 54521.925
200 6147.00390625 60668.92890625
210 6426.9640625 67095.89296875
220 6950.95 74046.84296875
230 6725.76171875 80772.6046875
240 5977.6953125 86750.3
250 6615.4453125 93365.7453125
260 6573.328125 99939.0734375
270 6111.971875 106051.0453125
280 6577.296875 112628.3421875
290 6571.8796875 119200.221875
300 6843.225 126043.446875
310 6228.36796875 132271.81484375
320 6403.27578125 138675.090625
330 7205.628125 145880.71875
340 6719.3046875 152600.0234375
350 7224.4828125 159824.50625
360 6525.16328125 166349.66953125
370 7511.75078125 173861.4203125
380 6828.70390625 180690.12421875
390 6245.6046875 186935.72890625
400 6945.74609375 193881.475
410 7303.9875 201185.4625
420 7195.9015625 208381.3640625
430 7319.15703125 215700.52109375
440 8557.08046875 224257.6015625
450 7553.7609375 231811.3625
460 8560.5921875 240371.9546875
470 8668.74453125 249040.69921875
480 9313.97734375 258354.6765625
490 8822.26796875 267176.94453125
500 11663.8359375 278840.78046875
510 13920.11796875 292760.8984375
520 13991.37578125 306752.27421875
