0 12.5046875 12.5046875
10 35.3390625 47.84375
20 47.80625 95.65
30 31.365625 127.015625
40 101.11171875 228.12734375
50 131.3859375 359.51328125
60 83.12265625 442.6359375
70 178.06640625 620.70234375
80 166.35859375 787.0609375
90 210.215625 997.2765625
100 373.62890625 1370.90546875
110 317.6046875 1688.51015625
120 410.98359375 2099.49375
130 571.51171875 2671.00546875
140 678.76953125 3349.775
150 698.359375 4048.134375
160 834.0078125 4882.1421875
170 783.625 5665.7671875
180 828.6 6494.3671875
190 961.82421875 7456.19140625
200 880.034375 8336.22578125
210 975.1125 9311.33828125
220 1391.30078125 10702.6390625
230 1841.96953125 12544.60859375
240 1649.79375 14194.40234375
250 1782.046875 15976.44921875
260 1886.734375 17863.18359375
270 1956.184375 19819.36796875
280 1900.30234375 21719.6703125
290 2005.2625 23724.9328125
300 2221.84921875 25946.78203125
310 2201.70703125 28148.4890625
320 2136.4484375 30284.9375
330 2433.37109375 32718.30859375
340 2390.58828125 35108.896875
350 2658.29765625 37767.19453125
360 2603.40390625 40370.5984375
370 2768.403125 43139.0015625
380 2766.665625 45905.6671875
390 2569.8765625 48475.54375
400 2835.43671875 51310.98046875
410 2957.24375 54268.22421875
420 2950.4703125 57218.69453125
430 3020.98515625 60239.6796875
440 3782.41953125 64022.09921875
450 3904.80546875 67926.9046875
460 4037.921875 71964.8265625
470 4500.64140625 76465.46796875
480 4991.96796875 81457.4359375
490 4621.15546875 86078.59140625
500 6207.02890625 92285.6203125
510 8701.03515625 100986.65546875
520 8984.50859375 109971.1640625
