0 4 4
10 9 11
20 9 11
30 10 11
40 21 21
50 15 27
60 30 30
70 30 40
80 19 40
90 48 56
100 62 69
110 58 69
120 84 84
130 103 112
140 114 122
150 140 140
160 144 165
170 164 165
180 221 221
190 423 423
200 684 685
210 931 931
220 1141 1142
230 1167 1183
240 1183 1199
250 1179 1199
260 1249 1255
270 1251 1263
280 1280 1284
290 1333 1333
300 1285 1364
310 1304 1364
320 1350 1364
330 1357 1387
340 1418 1424
350 1434 1468
360 1440 1468
370 1463 1483
380 1473 1487
390 1479 1487
400 1558 1585
410 1488 1585
420 1510 1585
430 1672 1675
440 1805 1834
450 1916 1935
460 1915 1935
470 2109 2119
480 2154 2193
490 2179 2201
500 3098 3098
510 3415 3434
520 3467 3489
