0 0.6 6
10 1.4 20
20 0.8 28
30 1.1 39
40 3.2 71
50 1.8 89
60 3.3 122
70 3.8 160
80 4 200
90 7.8 278
100 9.2 370
110 6.8 438
120 11.8 556
130 14.1 697
140 16.3 860
150 17.9 1039
160 19.2 1231
170 19.5 1426
180 23.2 1658
190 36.6 2024
200 38.7 2411
210 39.3 2804
220 46.2 3266
230 50.2 3768
240 49.7 4265
250 49.7 4762
260 61.8 5380
270 55 5930
280 60.1 6531
290 62.6 7157
300 63.9 7796
310 67.5 8471
320 70.2 9173
330 81.3 9986
340 80.2 10788
350 84.2 11630
360 77.3 12403
370 90 13303
380 94.3 14246
390 81.6 15062
400 103.2 16094
410 94 17034
420 95.6 17990
430 123.5 19225
440 145.2 20677
450 148.4 22161
460 148.4 23645
470 190.6 25551
480 188.7 27438
490 192.1 29359
500 341.1 32770
510 393.4 36704
520 377.3 40477
