0 0.5 28.21982421875 33.692969426556594 69.501953125 0.60498046875 0 0
10 0.9 0.6746961805555556 0.04321926740664899 69.501953125 0.574951171875 28.21982421875 5
20 0.8 0.749969482421875 0.08909581193006427 69.501953125 0.574951171875 10.512241908482142 14
30 2 0.66326904296875 0.04173568631835977 69.501953125 0.574951171875 6.962324662642046 22
40 2.4 0.7266947428385416 0.14427807222549102 69.501953125 0.557861328125 3.9627743675595237 42
50 1.7 0.7346478630514706 0.08428811989323008 69.501953125 0.557861328125 2.786018140388258 66
60 2.6 2.4274902343750004 8.697676625212848 69.501953125 0.557861328125 2.3658579631024095 83
70 5.1 0.6556228936887256 0.04992209646011942 69.501953125 0.557861328125 2.3805592388188073 109
80 4.6 0.6586860988451086 0.05210400158050042 69.501953125 0.557861328125 1.8307357788085938 160
90 5.1 0.6903435202205882 0.10739321210782826 69.501953125 0.557861328125 1.5690159473604368 206
100 8.8 0.7302384810014204 0.7214085845842214 69.501953125 0.546875 1.3946490454766538 257
110 8.2 0.6200100038109758 0.052077018351928926 69.501953125 0.512939453125 1.2251762058423914 345
120 12.8 0.6227035522460935 0.15014047513737303 69.501953125 0.496826171875 1.1089616190354217 427
130 16.4 0.6519194812309452 0.19142104844591828 69.501953125 0.496826171875 0.9968156144425676 555
140 14.5 0.6589860587284483 0.1507371228144797 69.501953125 0.496826171875 0.9181466772426982 719
150 17.5 0.627364676339286 0.08190807351412209 69.501953125 0.496826171875 0.8746532864040799 864
160 17 0.6302662568933822 0.10988090846917706 69.501953125 0.496826171875 0.8330021730630414 1039
170 19.7 0.6666513820590102 0.20454629611208416 69.501953125 0.496826171875 0.8044950549912118 1209
180 23 0.6473303753396741 0.17921398865039007 69.501953125 0.496826171875 0.7851812544452347 1406
190 42.1 1.1205300809085514 3.5574526804800604 69.501953125 0.45703125 0.7658012408790495 1636
200 46.3 1.3691532802375812 5.469781842493147 69.501953125 0.45703125 0.838402525104825 2057
210 40.8 0.6699422200520837 0.7881899357231372 69.501953125 0.45703125 0.935917445591518 2520
220 46.5 0.680715515793011 0.3261341696991008 69.501953125 0.45703125 0.8988553239999575 2928
230 56.4 0.6097273589871454 0.10793642865834539 69.501953125 0.45703125 0.8689599479857428 3393
240 49.9 0.5895824852830661 0.08100147817349343 69.501953125 0.45703125 0.8320109512217274 3957
250 52.2 0.6029221107219823 0.09314696558759887 69.501953125 0.45703125 0.8048628801931386 4456
260 66.2 0.6114291741408611 0.2559654893244099 69.501953125 0.4560546875 0.7836870903851949 4978
