0 0.1 1.4062392786363838 0 1.4062392786363838 1.4062392786363838 0 0
10 0.1 0.22349143282840825 0.0 1.4062392786363838 0.22349143282840825 1.4062392786363838 1
20 0.1 0.1366120218579235 0.0 1.4062392786363838 0.1366120218579235 0.814865355732396 2
30 0.1 0.14899428855227217 0.0 1.4062392786363838 0.1366120218579235 0.5887809111075718 3
40 0.1 0.19858508129576763 0.0 1.4062392786363838 0.1366120218579235 0.47883425546874686 4
50 0.1 0.21123260437375746 0.0 1.4062392786363838 0.1366120218579235 0.422784420634151 5
60 0.1 0.2110752421157189 0.0 1.4062392786363838 0.1366120218579235 0.3875257845907521 6
70 0.1 0.2856433184302037 0.0 1.4062392786363838 0.1366120218579235 0.3623185642371759 7
80 0.1 0.31086794329768713 0.0 1.4062392786363838 0.1366120218579235 0.3527341585113044 8
90 0.1 0.28599850783387215 0.0 1.4062392786363838 0.1366120218579235 0.3480823568209025 9
100 0.1 0.3606516602412635 0.0 1.4062392786363838 0.1366120218579235 0.3418739719221994 10
110 0.1 0.7083385112464272 0.0 1.4062392786363838 0.1366120218579235 0.3435810344966598 11
120 0.1 0.5600497822028625 0.0 1.4062392786363838 0.1366120218579235 0.37397749089247373 12
130 0.1 0.8829747543837831 0.0 1.4062392786363838 0.1366120218579235 0.3882907440701959 13
140 0.1 1.4282165921510184 0.0 1.4282165921510184 0.1366120218579235 0.42362531623545213 14
150 0.1 3.4037267080745344 0.0 3.4037267080745344 0.1366120218579235 0.4905980679631566 15
160 0.1 1.7708978328173375 0.0 3.4037267080745344 0.1366120218579235 0.6726686079701177 16
170 0.1 1.8350898946063237 0.0 3.4037267080745344 0.1366120218579235 0.7372703270787778 17
180 0.1 1.7123712619431692 0.0 3.4037267080745344 0.1366120218579235 0.7982603030525303 18
190 0.1 1.921408206272468 0.0 3.4037267080745344 0.1366120218579235 0.8463714061520375 19
200 0.1 3.0689271129810667 0.0 3.4037267080745344 0.1366120218579235 0.900123246158059 20
210 0.1 3.6114877357327746 0.0 3.6114877357327746 0.1366120218579235 1.0033996207686786 21
220 0.1 3.346505309953075 0.0 3.6114877357327746 0.1366120218579235 1.1219490805397738 22
230 0.1 3.9215686274509802 0.0 3.9215686274509802 0.1366120218579235 1.2186689166012215 23
240 0.1 3.955011741441107 0.0 3.955011741441107 0.1366120218579235 1.331289737886628 24
250 0.1 3.9041265134667658 0.0 3.955011741441107 0.1366120218579235 1.436238618028807 25
260 0.1 4.430223972434162 0.0 4.430223972434162 0.1366120218579235 1.5311573832379592 26
