0 0.1 29462.671875 0 29462.671875 29462.671875 0 0
10 0.1 29461.64453125 0.0 29462.671875 29461.64453125 29462.671875 1
20 0.1 29459.20703125 0.0 29462.671875 29459.20703125 29462.158203125 2
30 0.1 29459.23046875 0.0 29462.671875 29459.20703125 29461.174479166668 3
40 0.1 29458.734375 0.0 29462.671875 29458.734375 29460.6884765625 4
50 0.1 29457.91015625 0.0 29462.671875 29457.91015625 29460.29765625 5
60 0.1 29456.0625 0.0 29462.671875 29456.0625 29459.899739583332 6
70 0.1 29454.1953125 0.0 29462.671875 29454.1953125 29459.3515625 7
80 0.1 29454.30078125 0.0 29462.671875 29454.1953125 29458.70703125 8
90 0.1 29452.78515625 0.0 29462.671875 29452.78515625 29458.217447916668 9
100 0.1 29451.11328125 0.0 29462.671875 29451.11328125 29457.67421875 10
110 0.1 29447.26171875 0.0 29462.671875 29447.26171875 29457.077769886364 11
120 0.1 29442.59375 0.0 29462.671875 29442.59375 29456.259765625 12
130 0.1 29439.59765625 0.0 29462.671875 29439.59765625 29455.208533653848 13
140 0.1 29425.8671875 0.0 29462.671875 29425.8671875 29454.09347098214 14
150 0.1 29421.15625 0.0 29462.671875 29421.15625 29452.21171875 15
160 0.1 29423.8359375 0.0 29462.671875 29421.15625 29450.270751953125 16
170 0.1 29419.1328125 0.0 29462.671875 29419.1328125 29448.715762867647 17
180 0.1 29417.51953125 0.0 29462.671875 29417.51953125 29447.072265625 18
190 0.1 29405.17578125 0.0 29462.671875 29405.17578125 29445.51685855263 19
200 0.1 29402.6328125 0.0 29462.671875 29402.6328125 29443.4998046875 20
210 0.1 29403.3515625 0.0 29462.671875 29402.6328125 29441.553757440477 21
220 0.1 29399.4765625 0.0 29462.671875 29399.4765625 29439.817294034092 22
230 0.1 29398.515625 0.0 29462.671875 29398.515625 29438.063349184784 23
240 0.1 29395.19140625 0.0 29462.671875 29395.19140625 29436.41552734375 24
250 0.1 29394.00390625 0.0 29462.671875 29394.00390625 29434.7665625 25
260 0.1 29393.6640625 0.0 29462.671875 29393.6640625 29433.198768028848 26
