0 0.1 0.0 0 0.0 0.0 0 0
10 0.1 0.0 0.0 0.0 0.0 0.0 1
20 0.1 0.0 0.0 0.0 0.0 0.0 2
30 0.1 0.0 0.0 0.0 0.0 0.0 3
40 0.1 0.0 0.0 0.0 0.0 0.0 4
50 0.1 0.0 0.0 0.0 0.0 0.0 5
60 0.1 0.0 0.0 0.0 0.0 0.0 6
70 0.1 0.0 0.0 0.0 0.0 0.0 7
80 0.1 0.0 0.0 0.0 0.0 0.0 8
90 0.1 0.0 0.0 0.0 0.0 0.0 9
100 0.1 0.0 0.0 0.0 0.0 0.0 10
110 0.1 0.0 0.0 0.0 0.0 0.0 11
120 0.1 0.0 0.0 0.0 0.0 0.0 12
130 0.1 0.0 0.0 0.0 0.0 0.0 13
140 0.1 0.0 0.0 0.0 0.0 0.0 14
150 0.1 0.1484375 0.0 0.1484375 0.0 0.0 15
160 0.1 0.19921875 0.0 0.19921875 0.0 0.00927734375 16
170 0.1 0.171875 0.0 0.19921875 0.0 0.020450367647058824 17
180 0.1 0.21875 0.0 0.21875 0.0 0.028862847222222224 18
190 0.1 0.19140625 0.0 0.21875 0.0 0.03885690789473684 19
200 0.1 0.30859375 0.0 0.30859375 0.0 0.046484375 20
210 0.1 0.421875 0.0 0.421875 0.0 0.05896577380952381 21
220 0.1 0.359375 0.0 0.421875 0.0 0.07546164772727272 22
230 0.1 0.30078125 0.0 0.421875 0.0 0.08780570652173914 23
240 0.1 0.26171875 0.0 0.421875 0.0 0.0966796875 24
250 0.1 0.2890625 0.0 0.421875 0.0 0.10328125 25
260 0.1 0.25 0.0 0.421875 0.0 0.1104266826923077 26
