0 1.7 95.95693072150735 114.55598122273278 494.85107421875 7.541015625 0 0
10 4.3 55.568336664244185 51.018499626391275 494.85107421875 7.541015625 95.95693072150735 17
20 4.2 49.51263718377975 59.29582041915017 494.85107421875 6.04296875 67.01177164713542 60
30 7.5 58.039140625 68.57836206586144 494.85107421875 6.04296875 59.80624569163603 102
40 10.4 56.503382756159844 81.19068699165122 627.89404296875 6.04296875 59.05747235831568 177
50 9.1 61.246624957074175 79.78366043689171 627.89404296875 6.04296875 58.11218652691281 281
60 13.5 59.702374493634245 71.16335706838169 627.89404296875 6.04296875 58.878944314936156 372
70 19.6 46.95080940090878 52.60670012653703 627.89404296875 5.945068359375 59.09820087139423 507
80 22 53.326544744318184 61.68986550834578 627.89404296875 5.945068359375 55.71144592371977 703
90 24.3 52.93893671231997 64.59933128193872 627.89404296875 5.945068359375 55.14299710522752 923
100 41.6 59.97260871300334 67.7565210401796 627.89404296875 5.943115234375 54.68366033380682 1166
110 45 58.11250488281241 66.89970961241895 627.89404296875 5.943115234375 56.074433106086055 1582
120 51.2 51.81361198425294 62.19489734972219 627.89404296875 5.851806640625 56.52577774167998 2032
130 79.1 111.16590852411908 99.55174546698235 627.89404296875 5.851806640625 55.5774173376695 2544
140 78.5 78.12417956309702 83.01135551362162 712.10302734375 5.851806640625 68.76197401787388 3335
150 83.5 126.91881607877966 121.5558829015196 722.7470703125 5.851806640625 70.54579230743703 4120
160 87.9 352.5447521708797 271.91658652395523 1437.859130859375 5.851806640625 80.04558541522131 4955
170 89.3 201.4222276779463 155.02151633671357 1437.859130859375 5.851806640625 121.10262476699087 5834
180 95.9 653.7910767238021 322.33508581349827 2045.266845703125 0.720947265625 131.76494160948874 6727
190 163.5 628.652837705466 646.2309681127556 3254.072998046875 0.072021484375 196.89935008914352 7686
200 202.1 520.7783965384951 658.6688867386277 3254.072998046875 0.070068359375 272.63338637845663 9321
210 188.7 559.0494750264958 615.6530741786773 3254.072998046875 0.06982421875 316.8496679455028 11342
220 206.8 508.26059969343095 617.2844648355233 3254.072998046875 0.06982421875 351.39733110687814 13229
230 251.3 425.3434346476446 567.2795792750654 3254.072998046875 0.06982421875 372.6036617231422 15297
240 242.2 413.09286385622045 594.4706593823333 3254.072998046875 0.06982421875 380.04527033399427 17810
250 243.9 435.52461345902515 576.6704362857723 3254.072998046875 0.0419921875 384.00144231456125 20232
260 300.1 356.2811064931487 548.2316912361064 3254.072998046875 0.0419921875 389.5444273801229 22671
