10 0.1 207 0 207 207 0 0
20 0.1 367.0 0.0 367 207 207.0 1
30 0.1 379.0 0.0 379 207 287.0 2
40 0.1 666.0 0.0 666 207 317.6666666666667 3
50 0.1 973.0 0.0 973 207 404.75 4
60 0.1 917.0 0.0 973 207 518.4 5
70 0.1 1406.0 0.0 1406 207 584.8333333333334 6
80 0.1 1815.0 0.0 1815 207 702.1428571428571 7
90 0.1 2072.0 0.0 2072 207 841.25 8
100 0.1 2107.0 0.0 2107 207 978.0 9
110 0.1 4156.0 0.0 4156 207 1090.9 10
120 0.1 3963.0 0.0 4156 207 1369.5454545454545 11
130 0.1 4863.0 0.0 4863 207 1585.6666666666667 12
140 0.1 7838.0 0.0 7838 207 1837.7692307692307 13
150 0.1 7557.0 0.0 7838 207 2266.3571428571427 14
160 0.1 8060.0 0.0 8060 207 2619.0666666666666 15
170 0.1 8485.0 0.0 8485 207 2959.125 16
180 0.1 8587.0 0.0 8587 207 3284.176470588235 17
190 0.1 9397.0 0.0 9397 207 3578.777777777778 18
200 0.1 10032.0 0.0 10032 207 3885.0 19
210 0.1 10880.0 0.0 10880 207 4192.35 20
220 0.1 10306.0 0.0 10880 207 4510.809523809524 21
230 0.1 11077.0 0.0 11077 207 4774.227272727273 22
240 0.1 11988.0 0.0 11988 207 5048.260869565217 23
250 0.1 11647.0 0.0 11988 207 5337.416666666666 24
260 0.1 12048.0 0.0 12048 207 5589.8 25
