0 2.1 77.66545758928571 109.05234362018366 494.85107421875 5.91796875 0 0
10 5 47.77982421875001 46.827703539157675 494.85107421875 5.91796875 77.66545758928571 21
20 5.3 39.221467791863205 49.784428681040175 494.85107421875 5.91796875 56.619236905809856 71
30 9.2 47.30412491508152 62.687608570054415 494.85107421875 5.846923828125 49.18309365549395 124
40 13.1 44.8458932192271 60.390576391684036 522.2109375 5.846923828125 48.382792154947914 216
50 10.5 53.07363513764879 66.08670243253087 522.2109375 5.846923828125 47.04753636077089 347
60 17.1 47.121836165935676 58.83224746496752 522.2109375 5.846923828125 48.44740443947041 452
70 23.8 38.65596995634187 43.78094744314451 522.2109375 5.846923828125 48.083564672577246 623
80 26.9 43.60282949000929 48.94231019255121 522.2109375 5.846923828125 45.477562881097555 861
90 28.7 44.814816358612816 54.965392971599876 522.2109375 5.846923828125 45.03127679065265 1130
100 50.3 49.58994956044981 54.43576148075639 522.2109375 5.56396484375 44.98743476948439 1417
110 53.5 49.03255284389603 53.696153693524 522.2109375 5.56396484375 46.19319775899251 1920
120 60.1 43.98900960963496 51.75747144306294 522.2109375 5.56396484375 46.81195742107943 2455
130 96 91.58588307698565 75.9110868465554 522.2109375 5.56396484375 46.256790001354915 3056
140 93.6 65.60378428402103 66.95013872593576 712.10302734375 5.56396484375 57.09242978039015 4016
150 100.2 105.66961438451223 91.98057793640803 712.10302734375 5.56396484375 58.701199533095824 4952
160 108 287.74917715567204 160.69154146750608 985.634033203125 5.56396484375 66.60552463909502 5954
170 107.9 168.37059732318693 108.7949182781943 985.634033203125 5.56396484375 100.5599097283619 7034
180 115.8 548.3473648835545 149.71073136609616 985.821044921875 0.720947265625 109.57848878848962 8113
190 198.9 518.7050165068032 477.8974631441281 1690.4189453125 0.046142578125 164.38318715091924 9271
200 247.5 425.1659928385417 468.287728588562 1690.4189453125 0.0439453125 226.97165238971616 11260
210 226.5 467.025681761348 452.2450460194262 1690.4189453125 0.0439453125 262.6855943344445 13735
220 245.1 429.41121528840233 478.3095908890509 1690.4189453125 0.0390625 291.61248796081554 16000
230 302.4 352.1715988078439 433.70662417791453 1690.4189453125 0.0390625 309.91744057476143 18451
240 294.1 340.4021407007072 449.2104698418347 1690.4189453125 0.0390625 315.86745568520803 21475
250 295.8 360.1740424702343 427.4502003472632 1690.4189453125 0.0390625 318.8227517464213 24416
260 363.8 292.803392440687 414.27842154737306 1690.4189453125 0.0390625 323.2911201968136 27374
