10 0.1 146 0 146 146 0 0
20 0.1 235.0 0.0 235 146 146.0 1
30 0.1 255.0 0.0 255 146 190.5 2
40 0.1 464.0 0.0 464 146 212.0 3
50 0.1 666.0 0.0 666 146 275.0 4
60 0.1 603.0 0.0 666 146 353.2 5
70 0.1 983.0 0.0 983 146 394.8333333333333 6
80 0.1 1278.0 0.0 1278 146 478.85714285714283 7
90 0.1 1385.0 0.0 1385 146 578.75 8
100 0.1 1492.0 0.0 1492 146 668.3333333333334 9
110 0.1 2697.0 0.0 2697 146 750.7 10
120 0.1 2590.0 0.0 2697 146 927.6363636363636 11
130 0.1 3425.0 0.0 3425 146 1066.1666666666667 12
140 0.1 4940.0 0.0 4940 146 1247.6153846153845 13
150 0.1 5059.0 0.0 5059 146 1511.357142857143 14
160 0.1 5365.0 0.0 5365 146 1747.8666666666666 15
170 0.1 5417.0 0.0 5417 146 1973.9375 16
180 0.1 5607.0 0.0 5607 146 2176.470588235294 17
190 0.1 6285.0 0.0 6285 146 2367.0555555555557 18
200 0.1 8040.0 0.0 8040 146 2573.2631578947367 19
210 0.1 9003.0 0.0 9003 146 2846.6 20
220 0.1 8380.0 0.0 9003 146 3139.7619047619046 21
230 0.1 9398.0 0.0 9398 146 3377.9545454545455 22
240 0.1 10545.0 0.0 10545 146 3639.695652173913 23
250 0.1 10365.0 0.0 10545 146 3927.4166666666665 24
260 0.1 10575.0 0.0 10575 146 4184.92 25
