0 0.2 3904.9029541015625 1656.0970458984375 5561.0 2248.805908203125 0 0
10 0.7 2815.994559151786 1043.2842877127162 5561.0 1144.925048828125 3904.9029541015625 2
20 0.9 10103.243435329861 7576.1202119928685 23935.62109375 1144.925048828125 3057.9742024739585 9
30 1.3 4673.284160907452 2701.24423886383 23935.62109375 1144.925048828125 6580.60881890191 18
40 2 4775.668725585938 1967.720564047577 23935.62109375 287.717041015625 5780.762994581653 31
50 1.6 8290.321594238281 8120.475941873775 28552.549072265625 200.903076171875 5386.608379289216 51
60 2.2 5765.142600319602 4733.871435794361 28552.549072265625 200.903076171875 6080.032430620336 67
70 4.2 6266.954932803199 5843.600185965633 30986.947021484375 200.903076171875 6002.1944950403795 89
80 4.3 7070.210193722747 8673.99049111844 43034.131103515625 200.903076171875 6087.079520888001 131
90 3.7 6628.21789880701 5260.310278279141 43034.131103515625 200.903076171875 6330.037100956358 174
100 7.6 6036.967066714638 6306.136502593872 43034.131103515625 200.903076171875 6382.324729015477 211
110 7.9 6169.60263177413 6034.838912443403 43034.131103515625 176.68310546875 6290.871132029889 287
120 9.3 7081.410284883232 7778.931477407034 43034.131103515625 176.68310546875 6264.695690717854 366
130 14.3 6084.274808443512 6726.720943823306 43034.131103515625 161.14990234375 6430.173811104303 459
140 15.4 6981.56028371043 6713.02154739968 43034.131103515625 118.63818359375 6348.008433395842 602
150 15.8 8327.704115469242 8680.023976867998 57294.3779296875 118.63818359375 6477.065291793258 756
160 15.9 7559.3713639937105 6400.641253913352 57294.3779296875 118.63818359375 6796.978786476853 914
170 17.4 7665.692013795351 7022.441498223911 57294.3779296875 118.63818359375 6909.952150712808 1073
180 15.6 9798.730485965038 8506.103108030149 57294.3779296875 118.63818359375 7015.404224631303 1247
190 30.6 8411.095222024362 6735.564945733856 57294.3779296875 118.63818359375 7324.883124679815 1403
200 40.1 7694.227189594373 6276.121626565259 57294.3779296875 118.63818359375 7519.371657030565 1709
210 34.5 8855.765624292344 6941.667752143191 57294.3779296875 15.949951171875 7552.602495209753 2110
220 37.8 9631.44333999876 8146.584429736294 57294.3779296875 15.949951171875 7735.7353992967155 2455
230 46.1 8580.87884322888 7807.068456656036 57294.3779296875 12.866943359375 7988.674898620886 2833
240 47.7 9038.757913841395 7841.944547812656 57294.3779296875 12.866943359375 8071.554685647081 3294
250 48.3 9606.721953650676 8574.76012860354 57294.3779296875 12.866943359375 8193.897814750419 3771
260 57.6 7963.749162038167 7369.221569710004 57294.3779296875 12.866943359375 8354.310146459122 4254
