0 10.8046875 10.8046875
10 28.3609375 39.165625
20 29.14921875 68.31484375
30 48.853125 117.16796875
40 69.71484375 186.8828125
50 59.3984375 246.28125
60 96.20078125 342.48203125
70 126.40390625 468.8859375
80 146.746875 615.6328125
90 158.8125 774.4453125
100 275.26328125 1049.70859375
110 300.51015625 1350.21875
120 317.73359375 1667.95234375
130 531.2609375 2199.21328125
140 531.0390625 2730.25234375
150 552.17734375 3282.4296875
160 618.47421875 3900.90390625
170 597.5984375 4498.50234375
180 654.6359375 5153.13828125
190 935.40078125 6088.5390625
200 1098.9953125 7187.534375
210 1045.55078125 8233.08515625
220 1118.2125 9351.29765625
230 1307.69609375 10658.99375
240 1237.22265625 11896.21640625
250 1287.8171875 13184.03359375
260 1466.87578125 14650.909375
