0 109.1828125 109.1828125
10 239.29921875 348.48203125
20 219.47734375 567.959375
30 407.21640625 975.17578125
40 599.99140625 1575.1671875
50 502.39296875 2077.56015625
60 778.24453125 2855.8046875
70 1030.53046875 3886.33515625
80 1239.7421875 5126.07734375
90 1359.14765625 6485.225
100 2350.7171875 8835.9421875
110 2623.1703125 11459.1125
120 2677.97421875 14137.08671875
130 4581.43671875 18718.5234375
140 4484.97578125 23203.49921875
150 4695.29765625 27898.796875
160 5002.5640625 32901.3609375
170 5052.68828125 37954.04921875
180 5425.66796875 43379.7171875
190 4951.41328125 48331.13046875
200 5014.87265625 53346.003125
210 5096.38515625 58442.38828125
220 5080.88125 63523.26953125
230 5185.98125 68709.25078125
240 4879.2875 73588.53828125
250 5334.20625 78922.74453125
260 5452.75859375 84375.503125
