0 1.3 13
10 3.1 44
20 5.9 103
30 5.6 159
40 9.4 253
50 9.4 347
60 13.9 486
70 19.9 685
80 22.2 907
90 28.7 1194
100 35.3 1547
110 38.5 1932
120 45.7 2389
130 49.6 2885
140 50.6 3391
150 40.3 3794
160 47.4 4268
170 35.9 4627
180 38.2 5009
190 40.7 5416
200 39.5 5811
210 35.5 6166
220 37.6 6542
230 39.6 6938
240 27.9 7217
250 44.9 7666
260 27.2 7938
270 27.4 8212
280 36.8 8580
290 34.7 8927
300 46.4 9391
310 36.6 9757
320 37.9 10136
330 44 10576
340 45.1 11027
350 40.7 11434
360 36.3 11797
370 40.3 12200
380 33 12530
390 32.7 12857
400 42 13277
410 22 13497
