0 0.3 3
10 0.8 11
20 1.7 28
30 2.4 52
40 2.6 78
50 4.4 122
60 4.2 164
70 7.2 236
80 10.1 337
90 10.2 439
100 11.6 555
110 14.3 698
120 15.5 853
130 13.7 990
140 12.3 1113
150 11.5 1228
160 17 1398
170 15.8 1556
180 20.8 1764
190 28.4 2048
200 31.1 2359
210 31.6 2675
220 38 3055
230 40.4 3459
240 27.4 3733
250 44.8 4181
260 38 4561
270 40.2 4963
280 44.6 5409
290 46.9 5878
300 38.8 6266
310 20.5 6471
320 15.2 6623
330 17.5 6798
340 19.6 6994
350 20.9 7203
360 19.6 7399
370 20.4 7603
380 31.8 7921
390 43.9 8360
400 47.9 8839
410 51.2 9351
