0 0.4 19.50604248046875 31.98808550329312 74.909912109375 0.732177734375 0 0
10 0.7 1.7672642299107142 1.0336066785694016 74.909912109375 0.732177734375 19.50604248046875 4
20 1.4 1.20849609375 0.23920063191875823 74.909912109375 0.732177734375 8.217729048295455 11
30 1.3 1.2036884014423077 0.2251381943771244 74.909912109375 0.732177734375 4.29255859375 25
40 1.8 1.1748725043402777 0.2567197175639498 74.909912109375 0.732177734375 3.23583984375 38
50 1.8 1.1834038628472223 0.2609864366770344 74.909912109375 0.722900390625 2.5733860560825894 56
60 3.4 1.1797593060661764 0.26567963780313614 74.909912109375 0.722900390625 2.2352822793496623 74
70 3.8 1.264744808799342 0.5937572186616993 74.909912109375 0.722900390625 1.9029880099826388 108
80 3.9 1.23091321113782 0.2506244201758022 74.909912109375 0.722900390625 1.7368699165239727 146
90 6.3 1.1673952132936505 0.22929986228318408 74.909912109375 0.722900390625 1.6302087732263513 185
100 8.6 1.1376640852107556 0.24934235779933173 74.909912109375 0.68212890625 1.5126391995337702 248
110 8.1 1.1199574411651232 0.2534262650645034 74.909912109375 0.68212890625 1.416088720995509 334
120 14.4 1.1183810763888888 0.24199670042354787 74.909912109375 0.666015625 1.3582896037274097 415
130 18.7 1.1298632290274067 0.30565029004316846 74.909912109375 0.64794921875 1.2964884804058587 559
140 15.5 1.135458669354839 0.23178117419154357 74.909912109375 0.64794921875 1.2547204884383378 746
150 16.4 1.1207096751143288 0.23518971529070837 74.909912109375 0.64794921875 1.2342037493063263 901
160 18.7 1.1227909842914432 0.2322810895684975 74.909912109375 0.64794921875 1.2167267275528169 1065
170 21.1 1.1159806816498823 0.24566487287388636 74.909912109375 0.64794921875 1.2026963889027555 1252
180 24.1 1.1694082679590239 0.4454913425946016 74.909912109375 0.64697265625 1.1901898856694295 1463
190 38.8 1.1271280504993568 0.37938662427168846 74.909912109375 0.635009765625 1.187250701474472 1704
200 41.8 1.1094888933537674 0.23382328629550933 74.909912109375 0.635009765625 1.1760998465135042 2092
210 37.9 1.165509951146109 0.4380993716877366 74.909912109375 0.635009765625 1.1650068670629983 2510
220 45.5 1.0962166251717038 0.248434107204504 74.909912109375 0.60400390625 1.1650728652864315 2889
230 49.1 1.093292049866344 0.23299914404409452 74.909912109375 0.60400390625 1.1557039689789552 3344
240 51.1 1.0871820916401664 0.26122705180098493 74.909912109375 0.55419921875 1.1477132904172105 3835
250 39.3 1.1231537253498736 0.9412710471851309 74.909912109375 0.55419921875 1.1405960693921138 4346
260 10.3 1.1463563789441744 0.2389241972122753 74.909912109375 0.55419921875 1.1391495951974313 4739
270 9.8 1.1372767857142858 0.22279401724407838 74.909912109375 0.55419921875 1.1393028993539605 4842
280 9.1 1.1601964929601645 0.22378840333510067 74.909912109375 0.55419921875 1.1392627051967361 4940
290 8.9 1.17553436622191 0.23317891787122133 74.909912109375 0.55419921875 1.1396413525206226 5031
300 8.3 1.1303769766566265 0.2258154132349748 74.909912109375 0.55419921875 1.140265274047852 5120
310 10.1 1.2214162090037135 0.5259690282285983 74.909912109375 0.55419921875 1.1401075326133967 5203
320 11.5 1.1296025815217385 0.2461571195078852 74.909912109375 0.55419921875 1.1416558313153993 5304
330 18.2 1.1172250600961544 0.23478678743245074 74.909912109375 0.55419921875 1.1414000417368293 5419
340 20.8 1.1342832125150237 0.36850183590122665 74.909912109375 0.55419921875 1.1406144951096908 5601
350 22 1.141951127485795 0.6090512622795955 74.909912109375 0.55419921875 1.1403877939942337 5809
360 320 1.0865375518798817 0.2703889152497283 74.909912109375 0.55419921875 1.1404448404974918 6029
370 478.2 1.1306012455562549 0.43943240418779433 74.909912109375 0.47509765625 1.1217533979168923 9229
380 469.4 1.1662395852750864 0.5569616290134012 74.909912109375 0.47509765625 1.1247731971754344 14011
390 622.1 1.2331074780732612 1.0754903196399583 74.909912109375 0.47509765625 1.135179143486034 18705
400 842.1 1.6684850663983621 5.934906533612205 219.823974609375 0.47509765625 1.1596199751263752 24926
410 18.6 72.43348874327957 48.39324418342604 394.154052734375 0.47509765625 1.2881218773545036 33347
