0 0.1 0.3292759505768966 0 0.3292759505768966 0.3292759505768966 0 0
10 0.1 0.27319011548491245 0.0 0.3292759505768966 0.27319011548491245 0.3292759505768966 1
20 0.1 0.1737619461337967 0.0 0.3292759505768966 0.1737619461337967 0.30123303303090454 2
30 0.1 0.19863438857852267 0.0 0.3292759505768966 0.1737619461337967 0.2587426707318686 3
40 0.1 0.14906832298136646 0.0 0.3292759505768966 0.14906832298136646 0.2437156001935321 4
50 0.1 0.2731561956791656 0.0 0.3292759505768966 0.14906832298136646 0.22478614475109898 5
60 0.1 0.27319011548491245 0.0 0.3292759505768966 0.14906832298136646 0.23284781990577677 6
70 0.1 0.2983219390926041 0.0 0.3292759505768966 0.14906832298136646 0.23861100498851043 7
80 0.1 0.3854283227651374 0.0 0.3854283227651374 0.14906832298136646 0.24607487175152215 8
90 0.1 0.521674326170662 0.0 0.521674326170662 0.14906832298136646 0.2615585885308127 9
100 0.1 0.6826362169542013 0.0 0.6826362169542013 0.14906832298136646 0.2875701622947976 10
110 0.1 0.770952499378264 0.0 0.770952499378264 0.14906832298136646 0.3234852581729252 11
120 0.1 0.8448254441545533 0.0 0.8448254441545533 0.14906832298136646 0.36077419494003676 12
130 0.1 1.1182902584493042 0.0 1.1182902584493042 0.14906832298136646 0.3980089064180765 13
140 0.1 1.2431626056688214 0.0 1.2431626056688214 0.14906832298136646 0.44945757442030704 14
150 0.1 1.094799701418263 0.0 1.2431626056688214 0.14906832298136646 0.502371243170208 15
160 0.1 1.2655086848635235 0.0 1.2655086848635235 0.14906832298136646 0.5393980218107115 16
170 0.1 1.4299925391693609 0.0 1.4299925391693609 0.14906832298136646 0.5821104137549945 17
180 0.1 1.7397787995526284 0.0 1.7397787995526284 0.14906832298136646 0.6292149762780148 18
190 0.1 1.8170504044803983 0.0 1.8170504044803983 0.14906832298136646 0.687665703818784 19
200 0.1 2.537944762378701 0.0 2.537944762378701 0.14906832298136646 0.7441349388518648 20
210 0.1 2.8756379932777296 0.0 2.8756379932777296 0.14906832298136646 0.8295544542579045 21
220 0.1 3.257086026852312 0.0 3.257086026852312 0.14906832298136646 0.9225582514860785 22
230 0.1 3.3845385287873113 0.0 3.3845385287873113 0.14906832298136646 1.0240594591106973 23
240 0.1 3.718492637883704 0.0 3.718492637883704 0.14906832298136646 1.1224127536805562 24
250 0.1 3.6612702366127023 0.0 3.718492637883704 0.14906832298136646 1.2262559490486822 25
260 0.1 3.0605871330418486 0.0 3.718492637883704 0.14906832298136646 1.3199103447242213 26
270 0.1 1.9688473520249221 0.0 3.718492637883704 0.14906832298136646 1.384379855402652 27
280 0.1 1.356565028002489 0.0 3.718492637883704 0.14906832298136646 1.4052536945677332 28
290 0.1 1.2195121951219512 0.0 3.718492637883704 0.14906832298136646 1.4035747750310008 29
300 0.1 1.1071028734917279 0.0 3.718492637883704 0.14906832298136646 1.397439355700699 30
310 0.1 1.1318407960199004 0.0 3.718492637883704 0.14906832298136646 1.388073662726216 31
320 0.1 0.91948310139165 0.0 3.718492637883704 0.14906832298136646 1.3800663856416437 32
330 0.1 1.1672668570718987 0.0 3.718492637883704 0.14906832298136646 1.3661093164219469 33
340 0.1 1.3560587210748942 0.0 3.718492637883704 0.14906832298136646 1.3602610087940044 34
350 0.1 1.755915317559153 0.0 3.718492637883704 0.14906832298136646 1.3601409434306013 35
360 0.1 1.820675894749969 0.0 3.718492637883704 0.14906832298136646 1.3711346760452832 36
370 0.1 15.487333083738925 0.0 15.487333083738925 0.14906832298136646 1.3832844387129775 37
380 0.1 22.20380053564596 0.0 22.20380053564596 0.14906832298136646 1.7544436135820813 38
390 0.1 22.96429488826098 0.0 22.96429488826098 0.14906832298136646 2.2787860987632063 39
400 0.1 29.549248747913186 0.0 29.549248747913186 0.14906832298136646 2.7959238185006505 40
410 0.1 77.90034705007437 0.0 77.90034705007437 0.14906832298136646 3.448443938730225 41
