0 0 0
10 0.2 2
20 0.6 8
30 1 18
40 1.1 29
50 1.7 46
60 1.6 62
70 2.8 90
80 3.4 124
90 4 164
100 4.5 209
110 4.8 257
120 5.5 312
130 4.9 361
140 4.8 409
150 6.7 476
160 9.7 573
170 13.2 705
180 19.7 902
190 27.6 1178
200 32 1498
210 37 1868
220 38.2 2250
230 43.4 2684
240 49 3174
250 46.8 3642
260 38.9 4031
270 27 4301
280 15.8 4459
290 16.2 4621
300 14.3 4764
310 9.2 4856
320 7 4926
330 8 5006
340 11.1 5117
350 18.3 5300
360 56.9 5869
370 209.6 7965
380 359.4 11559
390 453.7 16096
400 634.1 22437
410 688.9 29326
