0 0.1 29465.59375 0 29465.59375 29465.59375 0 0
10 0.1 29462.54296875 0.0 29465.59375 29462.54296875 29465.59375 1
20 0.1 29459.65234375 0.0 29465.59375 29459.65234375 29464.068359375 2
30 0.1 29457.3828125 0.0 29465.59375 29457.3828125 29462.596354166668 3
40 0.1 29456.890625 0.0 29465.59375 29456.890625 29461.29296875 4
50 0.1 29454.3203125 0.0 29465.59375 29454.3203125 29460.4125 5
60 0.1 29454.37890625 0.0 29465.59375 29454.3203125 29459.397135416668 6
70 0.1 29449.8203125 0.0 29465.59375 29449.8203125 29458.680245535714 7
80 0.1 29444.06640625 0.0 29465.59375 29444.06640625 29457.57275390625 8
90 0.1 29442.1640625 0.0 29465.59375 29442.1640625 29456.07204861111 9
100 0.1 29437.96484375 0.0 29465.59375 29437.96484375 29454.68125 10
110 0.1 29429.8203125 0.0 29465.59375 29429.8203125 29453.161576704544 11
120 0.1 29408.46484375 0.0 29465.59375 29408.46484375 29451.216471354168 12
130 0.1 29393.9375 0.0 29465.59375 29393.9375 29447.927884615383 13
140 0.1 29377.9375 0.0 29465.59375 29377.9375 29444.071428571428 14
150 0.1 29361.984375 0.0 29465.59375 29361.984375 29439.6625 15
160 0.1 29338.08203125 0.0 29465.59375 29338.08203125 29434.8076171875 16
170 0.1 29313.75390625 0.0 29465.59375 29313.75390625 29429.117876838234 17
180 0.1 29309.78515625 0.0 29465.59375 29309.78515625 29422.70876736111 18
190 0.1 29310.60546875 0.0 29465.59375 29309.78515625 29416.765419407893 19
200 0.1 29306.515625 0.0 29465.59375 29306.515625 29411.457421875 20
210 0.1 29315.75 0.0 29465.59375 29306.515625 29406.46019345238 21
220 0.1 29314.82421875 0.0 29465.59375 29306.515625 29402.337002840908 22
230 0.1 29309.44921875 0.0 29465.59375 29306.515625 29398.532099184784 23
240 0.1 29300.875 0.0 29465.59375 29300.875 29394.8203125 24
250 0.1 29299.1640625 0.0 29465.59375 29299.1640625 29391.0625 25
260 0.1 29294.453125 0.0 29465.59375 29294.453125 29387.52794471154 26
270 0.1 29294.6796875 0.0 29465.59375 29294.453125 29384.080729166668 27
280 0.1 29297.51953125 0.0 29465.59375 29294.453125 29380.887834821428 28
290 0.1 29297.3671875 0.0 29465.59375 29294.453125 29378.013065732757 29
300 0.1 29298.95703125 0.0 29465.59375 29294.453125 29375.324869791668 30
310 0.1 29293.1171875 0.0 29465.59375 29293.1171875 29372.861391129034 31
320 0.1 29292.6484375 0.0 29465.59375 29292.6484375 29370.369384765625 32
330 0.1 29286.8828125 0.0 29465.59375 29286.8828125 29368.014204545456 33
340 0.1 29273.0 0.0 29465.59375 29273.0 29365.627987132353 34
350 0.1 29264.53125 0.0 29465.59375 29264.53125 29362.981473214284 35
360 0.1 29263.79296875 0.0 29465.59375 29263.79296875 29360.246744791668 36
370 0.1 29073.94140625 0.0 29465.59375 29073.94140625 29357.63988597973 37
380 0.1 28875.9765625 0.0 29465.59375 28875.9765625 29350.174136513157 38
390 0.1 28774.046875 0.0 29465.59375 28774.046875 29338.015224358973 39
400 0.1 28517.03515625 0.0 29465.59375 28517.03515625 29323.916015625 40
410 0.1 28189.5390625 0.0 29465.59375 28189.5390625 29304.235994664636 41
