0 0.1 0.109375 0 0.109375 0.109375 0 0
10 0.1 0.08984375 0.0 0.109375 0.08984375 0.109375 1
20 0.1 0.078125 0.0 0.109375 0.078125 0.099609375 2
30 0.1 0.0703125 0.0 0.109375 0.0703125 0.09244791666666667 3
40 0.1 0.05859375 0.0 0.109375 0.05859375 0.0869140625 4
50 0.1 0.05078125 0.0 0.109375 0.05078125 0.08125 5
60 0.1 0.0390625 0.0 0.109375 0.0390625 0.076171875 6
70 0.1 0.0390625 0.0 0.109375 0.0390625 0.07087053571428571 7
80 0.1 0.03125 0.0 0.109375 0.03125 0.06689453125 8
90 0.1 0.03125 0.0 0.109375 0.03125 0.06293402777777778 9
100 0.1 0.01953125 0.0 0.109375 0.01953125 0.059765625 10
110 0.1 0.01953125 0.0 0.109375 0.01953125 0.056107954545454544 11
120 0.1 0.01953125 0.0 0.109375 0.01953125 0.053059895833333336 12
130 0.1 0.01171875 0.0 0.109375 0.01171875 0.05048076923076923 13
140 0.1 0.01171875 0.0 0.109375 0.01171875 0.04771205357142857 14
150 0.1 0.01171875 0.0 0.109375 0.01171875 0.0453125 15
160 0.1 0.01171875 0.0 0.109375 0.01171875 0.043212890625 16
170 0.1 0.01171875 0.0 0.109375 0.01171875 0.04136029411764706 17
180 0.1 0.01171875 0.0 0.109375 0.01171875 0.039713541666666664 18
190 0.1 0.0 0.0 0.109375 0.0 0.038240131578947366 19
200 0.1 0.0 0.0 0.109375 0.0 0.036328125 20
210 0.1 0.0 0.0 0.109375 0.0 0.03459821428571429 21
220 0.1 0.078125 0.0 0.109375 0.0 0.033025568181818184 22
230 0.1 0.140625 0.0 0.140625 0.0 0.034986413043478264 23
240 0.1 0.12109375 0.0 0.140625 0.0 0.039388020833333336 24
250 0.1 0.1796875 0.0 0.1796875 0.0 0.04265625 25
260 0.1 0.16015625 0.0 0.1796875 0.0 0.047926682692307696 26
270 0.1 0.2890625 0.0 0.2890625 0.0 0.052083333333333336 27
280 0.1 0.23828125 0.0 0.2890625 0.0 0.060546875 28
290 0.1 0.19921875 0.0 0.2890625 0.0 0.06667564655172414 29
300 0.1 0.3203125 0.0 0.3203125 0.0 0.07109375 30
310 0.1 0.26953125 0.0 0.3203125 0.0 0.07913306451612903 31
320 0.1 0.23046875 0.0 0.3203125 0.0 0.0850830078125 32
330 0.1 0.19140625 0.0 0.3203125 0.0 0.08948863636363637 33
340 0.1 0.23828125 0.0 0.3203125 0.0 0.09248621323529412 34
350 0.1 0.3515625 0.0 0.3515625 0.0 0.09665178571428572 35
360 0.1 0.37109375 0.0 0.37109375 0.0 0.1037326388888889 36
370 0.1 0.55859375 0.0 0.55859375 0.0 0.11095861486486487 37
380 0.1 0.69921875 0.0 0.69921875 0.0 0.12273848684210527 38
390 0.1 0.75 0.0 0.75 0.0 0.13752003205128205 39
400 0.1 1.03125 0.0 1.03125 0.0 0.15283203125 40
410 0.1 2.1796875 0.0 2.1796875 0.0 0.17425685975609756 41
