0 1.6 60.19898986816406 54.01513123876044 172.860107421875 10.087890625 0 0
10 3.9 56.4250237880609 53.11955663969046 176.160888671875 10.087890625 60.19898986816406 16
20 7.4 56.72568161423142 66.13519596247609 384.326171875 9.510009765625 57.52290482954545 55
30 8 52.01769714355468 60.78325554091086 384.326171875 9.216064453125 57.06558298510174 129
40 11.6 76.44238702182109 80.78954980286899 477.757080078125 8.914794921875 55.13337787828947 209
50 13.2 63.413870146780276 81.63002727898319 535.121826171875 8.914794921875 62.73905498798076 325
60 18.1 60.78035976346685 66.05968235743286 535.121826171875 8.653076171875 62.93396877564276 457
70 26.3 77.39066305994537 101.92290431489613 780.201171875 8.653076171875 62.32299192422609 638
80 31.3 167.58331357328282 313.4503899527983 1953.132080078125 8.653076171875 66.72121335451928 901
90 37.5 138.3241640625 243.19275296527337 1953.132080078125 8.47509765625 92.72602173052668 1214
100 45.7 341.6514751008616 593.8013867184603 3326.328125 8.406982421875 103.48706853637312 1589
110 51 873.607816808364 891.7013295150731 4893.9931640625 8.406982421875 156.6841036292232 2046
120 59.4 1236.9845558449083 916.7978226526654 4893.9931640625 8.406982421875 299.7322623621503 2556
130 62.2 2554.762667836867 1150.8404823152841 7064.18701171875 8.406982421875 476.47126627604183 3150
140 61.7 4770.17367578442 1165.5448829357672 11556.64697265625 8.406982421875 819.1799756532511 3772
150 74.7 3752.7465604605936 2912.1082730197336 12968.194091796875 0.97802734375 1374.6056108733312 4389
160 125.4 3773.255199377615 4108.683490043287 18342.7470703125 0.940185546875 1720.49176534017 5136
170 161 2464.1794212199147 3760.1237717760496 19258.037109375 0.924072265625 2123.334542536251 6390
180 188.8 2200.931709289556 3465.4178886607447 19258.037109375 0.924072265625 2191.929574371338 8000
190 244.7 1931.5279762009293 3266.6735202550863 19258.037109375 0.924072265625 2193.648428611386 9888
200 296.9 1356.2058701635663 2574.842457728635 19258.037109375 0.924072265625 2141.6493408895867 12335
210 318.4 1334.541068685713 2739.3303777347023 19258.037109375 0.924072265625 1989.2720758225744 15304
220 334.6 1305.3085928744226 2556.26234150571 19258.037109375 0.9228515625 1876.5144207639546 18488
230 377.4 1180.6849975262517 2465.4611347234027 19258.037109375 0.91796875 1788.978710398544 21834
240 384.7 971.7317272768341 2502.0420921379095 19258.037109375 0.9111328125 1699.3309256289397 25608
250 374.2 1158.4852398006383 2282.7578925331422 19258.037109375 0.89990234375 1604.3020980594083 29455
260 257.5 1596.2560548771203 2910.992371360493 19258.037109375 0.89990234375 1554.0491630470783 33197
270 150.1 2767.6559019247566 3356.235885104775 19258.037109375 0.89990234375 1557.0873702052568 35772
280 102.4 4456.666810989379 3064.0237976385934 19258.037109375 0.89990234375 1605.8374940512304 37273
290 82.1 4520.907050816942 1704.8259567804055 19258.037109375 0.89990234375 1682.064071081929 38297
300 82.5 3832.6320386482003 1373.4858833101114 19258.037109375 0.89990234375 1741.6450845888169 39118
310 55.7 5188.034090709856 1198.0355346542476 19258.037109375 0.89990234375 1784.8332336286735 39943
320 55.8 6205.691498568407 2627.647584718685 19258.037109375 0.89990234375 1831.637749119889 40500
330 89.4 4372.50301598329 3473.2885875269967 19258.037109375 0.89990234375 1891.0834598752172 41058
340 120.7 3412.5764595038045 3566.8717933914477 19258.037109375 0.89990234375 1943.962680965049 41952
350 172 2384.0046911905006 3358.136257294965 19258.037109375 0.89990234375 1985.0344581307913 43159
360 992.5 436.63420081765565 1767.2414328929656 19258.037109375 0.89990234375 2000.325101880935 44879
370 2748.2 111.28043814047624 774.372598439352 19258.037109375 0.89990234375 1717.1408052410357 54804
380 3547.4 91.34529135362568 679.9365304186601 19258.037109375 0.89208984375 1180.8131843983945 82286
390 3988.9 88.9804847183851 638.2645851042776 19258.037109375 0.89208984375 852.6220835333289 117760
400 5952.7 66.9251898363872 473.83868697341927 19258.037109375 0.89208984375 659.402337546172 157649
410 3584.8 125.83635840557503 650.5215529277738 19258.037109375 0.89208984375 497.00692013485417 217176
