10 0.1 306 0 306 306 0 0
20 0.1 270.0 0.0 306 270 306.0 1
30 0.1 584.0 0.0 584 270 288.0 2
40 0.1 564.0 0.0 584 270 386.6666666666667 3
50 0.1 1006.0 0.0 1006 270 431.0 4
60 0.1 893.0 0.0 1006 270 546.0 5
70 0.1 1446.0 0.0 1446 270 603.8333333333334 6
80 0.1 2025.0 0.0 2025 270 724.1428571428571 7
90 0.1 2375.0 0.0 2375 270 886.75 8
100 0.1 2986.0 0.0 2986 270 1052.111111111111 9
110 0.1 3798.0 0.0 3798 270 1245.5 10
120 0.1 4105.0 0.0 4105 270 1477.5454545454545 11
130 0.1 4904.0 0.0 4904 270 1696.5 12
140 0.1 4793.0 0.0 4904 270 1943.2307692307693 13
150 0.1 4905.0 0.0 4905 270 2146.785714285714 14
160 0.1 4599.0 0.0 4905 270 2330.6666666666665 15
170 0.1 6088.0 0.0 6088 270 2472.4375 16
180 0.1 5890.0 0.0 6088 270 2685.1176470588234 17
190 0.1 6268.0 0.0 6268 270 2863.1666666666665 18
200 0.1 7568.0 0.0 7568 270 3042.3684210526317 19
210 0.1 8233.0 0.0 8233 270 3268.65 20
220 0.1 8105.0 0.0 8233 270 3505.0476190476193 21
230 0.1 8727.0 0.0 8727 270 3714.1363636363635 22
240 0.1 9213.0 0.0 9213 270 3932.086956521739 23
250 0.1 9476.0 0.0 9476 270 4152.125 24
260 0.1 8545.0 0.0 9476 270 4365.08 25
270 0.1 5820.0 0.0 9476 270 4525.846153846154 26
280 0.1 4576.0 0.0 9476 270 4573.777777777778 27
290 0.1 4931.0 0.0 9476 270 4573.857142857143 28
300 0.1 4683.0 0.0 9476 270 4586.172413793103 29
310 0.1 5021.0 0.0 9476 270 4589.4 30
320 0.1 3941.0 0.0 9476 270 4603.322580645161 31
330 0.1 4617.0 0.0 9476 270 4582.625 32
340 0.1 5105.0 0.0 9476 270 4583.666666666667 33
350 0.1 5934.0 0.0 9476 270 4599.0 34
360 0.1 5872.0 0.0 9476 270 4637.142857142857 35
370 0.1 33557.0 0.0 33557 270 4671.444444444444 36
380 0.1 50577.0 0.0 50577 270 5452.135135135135 37
390 0.1 57402.0 0.0 57402 270 6639.631578947368 38
400 0.1 78183.0 0.0 78183 270 7941.2307692307695 39
410 0.1 80336.0 0.0 80336 270 9697.275 40
