0 1.6 60.19898986816406 54.01513123876044 172.860107421875 10.087890625 0 0
10 3.9 56.4250237880609 53.11955663969046 176.160888671875 10.087890625 60.19898986816406 16
20 7.6 55.23084781044408 64.15399456436455 363.166015625 9.510009765625 57.52290482954545 55
30 8 52.01769714355468 60.78325554091086 363.166015625 9.216064453125 56.19316182609733 131
40 12 73.89180908203129 78.89620748296778 460.898193359375 8.914794921875 54.61004725451718 211
50 13.8 60.6538475147192 78.27078270567526 514.98583984375 8.914794921875 61.60041408020205 331
60 18.1 60.78035976346685 66.05968235743286 514.98583984375 8.653076171875 61.32189342767192 469
70 27.1 75.1040741755074 98.84791255900545 753.802001953125 8.653076171875 61.171097130408654 650
80 32.3 162.3923377636417 306.87563281113626 1953.132080078125 8.653076171875 65.27081133151806 921
90 38.9 133.34353849513974 238.17576815149314 1953.132080078125 8.47509765625 90.48805653857268 1244
100 46.9 337.24920615255195 584.786113510279 3326.328125 8.406982421875 100.69674146270286 1633
110 52.8 848.45683519768 871.2783757990796 4893.9931640625 8.406982421875 153.476525449163 2102
120 61.2 1202.0761455461102 882.4273077732278 4893.9931640625 8.406982421875 293.0010895355573 2630
130 63.3 2515.3464066202605 1081.0734354314804 5813.10009765625 8.406982421875 464.6093357658036 3242
140 62.9 4698.250286059838 995.0177545740192 7641.541015625 8.406982421875 799.6071592111898 3875
150 76.4 3702.2068542160932 2870.232244120359 10107.27099609375 0.97802734375 1344.0668676454259 4504
160 129.1 3672.716615329679 3991.5076775574403 13274.79296875 0.940185546875 1686.0598345664566 5268
170 166 2402.3820409568 3673.617489410545 13274.79296875 0.924072265625 2077.0910746892378 6559
180 196.4 2091.242641720899 3288.7371121704896 13274.79296875 0.924072265625 2142.7904303291157 8219
190 253.1 1881.1844849452732 3163.422945001579 13274.79296875 0.924072265625 2132.84838409259 10183
200 307.2 1313.358545859655 2466.0242537434146 13274.79296875 0.89990234375 2082.7491762318177 12714
210 332.5 1270.0976544143555 2595.2506429953846 13274.79296875 0.889892578125 1933.0235955588616 15786
220 346.6 1262.1016633682555 2441.7423413497513 13274.79296875 0.889892578125 1817.6853738904256 19111
230 392.9 1145.598162986271 2365.5680774772914 13274.79296875 0.889892578125 1732.392680411671 22577
240 400.1 934.2819114557296 2383.8096440565864 13274.79296875 0.889892578125 1645.4117832953807 26506
250 388.1 1103.3808450322852 2132.598331567454 13274.79296875 0.889892578125 1552.1469385964444 30507
260 268.8 1544.6906569344642 2808.950667978214 13274.79296875 0.889892578125 1501.4995846031184 34388
270 159.2 2631.7954713447666 3170.227864098257 13274.79296875 0.889892578125 1504.6309256978063 37076
280 107.5 4206.563420012713 2697.9817024549093 13274.79296875 0.889892578125 1551.0374105604824 38668
290 85.6 4288.826948504579 1389.5484924958891 13274.79296875 0.889892578125 1622.8661718558337 39743
300 85.2 3698.897724850076 1161.6514494820578 13274.79296875 0.889892578125 1679.0759904427773 40599
310 57.1 5109.3561404573975 1026.9665389397403 13274.79296875 0.889892578125 1720.5921931330627 41451
320 57.7 6035.8349715155155 2426.961875678499 13274.79296875 0.889892578125 1766.6391260235055 42022
330 91.9 4247.34789959365 3229.714258953924 13274.79296875 0.889892578125 1824.4650374967534 42599
340 124.5 3313.818407418736 3386.6186475215827 13274.79296875 0.889892578125 1875.6307470943234 43518
350 178.6 2275.8906889741324 3211.1147481177695 13274.79296875 0.889892578125 1915.6312751443625 44763
360 1012 427.82151281786565 1717.9525677091 13274.79296875 0.889892578125 1929.453770001394 46549
370 2851.3 106.2222032459703 742.3451835813747 13274.79296875 0.889892578125 1661.2909571284422 56669
380 3704.4 87.85110827216255 663.5039411631145 13274.79296875 0.702880859375 1140.7622611662562 85182
390 4148.5 85.17507906542804 619.1861241541504 13274.79296875 0.702880859375 821.6481549383766 122226
400 6166.5 64.47279031849914 464.10488748710975 13274.79296875 0.702880859375 635.0230316871028 163711
410 3821.3 117.27423432879493 629.7326497084044 13274.79296875 0.702880859375 478.9151025642373 225376
