10 0.1 218 0 218 218 0 0
20 0.1 175.0 0.0 218 175 218.0 1
30 0.1 367.0 0.0 367 175 196.5 2
40 0.1 378.0 0.0 378 175 253.33333333333334 3
50 0.1 642.0 0.0 642 175 284.5 4
60 0.1 574.0 0.0 642 175 356.0 5
70 0.1 928.0 0.0 928 175 392.3333333333333 6
80 0.1 1243.0 0.0 1243 175 468.85714285714283 7
90 0.1 1416.0 0.0 1416 175 565.625 8
100 0.1 1879.0 0.0 1879 175 660.1111111111111 9
110 0.1 2443.0 0.0 2443 175 782.0 10
120 0.1 2532.0 0.0 2532 175 933.0 11
130 0.1 3220.0 0.0 3220 175 1066.25 12
140 0.1 3354.0 0.0 3354 175 1231.923076923077 13
150 0.1 3330.0 0.0 3354 175 1383.5 14
160 0.1 3499.0 0.0 3499 175 1513.2666666666667 15
170 0.1 4810.0 0.0 4810 175 1637.375 16
180 0.1 5604.0 0.0 5604 175 1824.0 17
190 0.1 6211.0 0.0 6211 175 2034.0 18
200 0.1 8158.0 0.0 8158 175 2253.842105263158 19
210 0.1 9275.0 0.0 9275 175 2549.05 20
220 0.1 9463.0 0.0 9463 175 2869.3333333333335 21
230 0.1 10327.0 0.0 10327 175 3169.0454545454545 22
240 0.1 11246.0 0.0 11246 175 3480.2608695652175 23
250 0.1 11852.0 0.0 11852 175 3803.8333333333335 24
260 0.1 10182.0 0.0 11852 175 4125.76 25
270 0.1 6509.0 0.0 11852 175 4358.692307692308 26
280 0.1 4162.0 0.0 11852 175 4438.333333333333 27
290 0.1 3849.0 0.0 11852 175 4428.464285714285 28
300 0.1 3354.0 0.0 11852 175 4408.482758620689 29
310 0.1 3483.0 0.0 11852 175 4373.333333333333 30
320 0.1 2641.0 0.0 11852 175 4344.612903225807 31
330 0.1 3081.0 0.0 11852 175 4291.375 32
340 0.1 3934.0 0.0 11852 175 4254.69696969697 33
350 0.1 5107.0 0.0 11852 175 4245.264705882353 34
360 0.1 5616.0 0.0 11852 175 4269.885714285714 35
370 0.1 48231.0 0.0 48231 175 4307.277777777777 36
380 0.1 81832.0 0.0 81832 175 5494.405405405405 37
390 0.1 94667.0 0.0 94667 175 7503.289473684211 38
400 0.1 126969.0 0.0 126969 175 9738.25641025641 39
410 0.1 140043.0 0.0 140043 175 12669.025 40
