10 0.2 6016.470947265625 1627.491943359375 7643.962890625 4388.97900390625 0 0
20 0.6 12567.934773763021 7275.48457718591 19991.555908203125 2766.89990234375 6016.470947265625 2
30 1 12418.923510742188 7704.775187431584 24008.156005859375 2133.945068359375 10930.068817138672 8
40 1.1 13797.80517578125 8463.548405602394 25543.556884765625 1094.971923828125 11757.21031358507 18
50 1.7 14589.74405445772 9031.906297382533 34746.52001953125 583.954833984375 12531.229054418103 29
60 1.6 16979.88899230957 9872.725333260425 34746.52001953125 583.954833984375 13291.984597911005 46
70 2.8 14052.25328717913 7365.4280243793255 34746.52001953125 583.954833984375 14243.701860981602 62
80 3.4 16305.165922277114 8824.969773652809 41426.385009765625 583.954833984375 14184.140082465277 90
90 4 14636.708917236328 8905.72923124505 43256.468017578125 583.954833984375 14765.711683704007 124
100 4.5 14078.390418836805 9882.591440743367 43256.468017578125 583.954833984375 14734.247594321647 164
110 4.8 16922.083674112957 10177.46084143177 43256.468017578125 583.954833984375 14593.034326872757 209
120 5.5 18822.672278941758 8962.445013318924 43397.89111328125 583.954833984375 15028.03187032618 257
130 4.9 22926.82464225925 10073.123485556946 45921.823974609375 583.954833984375 15696.958865434695 312
140 4.8 23622.6686147054 10803.092539974052 49275.0029296875 583.954833984375 16678.297987496753 361
150 6.7 27687.16453620569 13501.669080540683 59698.8310546875 583.954833984375 17493.285249369652 409
160 9.7 28880.16540904881 16031.360000903816 65684.97802734375 162.962890625 18928.138006130186 476
170 13.2 29465.19250673236 18907.75852154298 68431.30712890625 162.962890625 20612.86166770629 573
180 19.7 32637.620528632615 18563.695141307344 75297.5810546875 162.962890625 22270.319356715427 705
190 27.6 34369.799891375114 21289.755749624586 76489.56494140625 162.962890625 24534.574712444566 902
200 32 30168.93524093628 22618.83748470794 82302.13305664063 162.962890625 26838.92288679502 1178
210 37 28323.84959551837 20374.890696409377 88517.60107421875 162.962890625 27550.273990483405 1498
220 38.2 26641.74760652712 17979.31998193136 88517.60107421875 162.962890625 27703.498280559925 1868
230 43.4 26223.23591353596 17330.883627268566 88517.60107421875 162.962890625 27523.236610568576 2250
240 49 23408.952718431123 15546.587186176657 88517.60107421875 162.962890625 27313.02785404393 2684
250 46.8 24802.823921920903 15448.957916980915 88517.60107421875 162.962890625 26710.31934224485 3174
260 38.9 27152.457774341256 13799.734036729707 88517.60107421875 162.962890625 26465.204609484936 3642
270 27 30719.17500180845 13702.894084484453 88517.60107421875 162.962890625 26531.525989075388 4031
280 15.8 40453.5968063934 12745.299684683401 88517.60107421875 162.962890625 26794.410256324383 4301
290 16.2 43540.542432243434 13823.98861979059 88517.60107421875 162.962890625 27278.409241502875 4459
300 14.3 48894.27882908108 15706.49471577324 88900.92211914063 162.962890625 27848.516486017044 4621
310 9.2 51030.94794497284 18481.69916753447 88900.92211914063 162.962890625 28480.242769614477 4764
320 7 52099.88244628906 23275.611653169624 89233.23901367188 162.962890625 28907.480182327196 4856
330 8 44170.408291626 25471.879399064957 91372.15405273438 162.962890625 29237.051469066402 4926
340 11.1 43087.551896378834 25678.80369474403 91479.84912109375 133.942138671875 29475.69880142852 5006
350 18.3 39357.50303508153 26624.209215763425 93379.10107421875 133.942138671875 29770.972534776083 5117
360 56.9 19065.619074548275 22976.228574213583 93379.10107421875 38.9189453125 30101.979153937573 5300
370 209.6 11297.695389842254 12869.387560033623 102449.56005859375 34.8681640625 29032.003198038357 5869
380 359.4 12509.223501096118 8827.982602351252 102449.56005859375 34.8681640625 24365.19727638374 7965
390 453.7 14675.557162861 8762.791624603806 102449.56005859375 34.8681640625 20678.86024477342 11559
400 634.1 12644.05911510439 9715.054316650909 102449.56005859375 24.72216796875 18986.701566677206 16096
410 688.9 14041.993925048379 9430.849800279946 102449.56005859375 24.72216796875 17194.18492963022 22437
