0 10.05546875 10.05546875
10 24.2421875 34.29765625
20 50.5953125 84.89296875
30 54.8484375 139.74140625
40 79.31953125 219.0609375
50 96.21328125 315.27421875
60 117.115625 432.38984375
70 187.23046875 619.6203125
80 230.634375 850.2546875
90 262.753125 1113.0078125
100 337.1125 1450.1203125
110 373.7609375 1823.88125
120 441.7 2265.58125
130 459.17109375 2724.75234375
140 416.1 3140.85234375
150 503.678125 3644.53046875
160 787.75859375 4432.2890625
170 980.79375 5413.0828125
180 1174.99921875 6588.08203125
190 1358.8640625 7946.94609375
200 1603.325 9550.27109375
210 1749.59765625 11299.86875
220 1821.5078125 13121.3765625
230 1999.896875 15121.2734375
240 1927.546875 17048.8203125
250 2004.28203125 19053.10234375
260 1597.38046875 20650.4828125
270 1059.7640625 21710.246875
280 703.66015625 22413.90703125
290 593.35078125 23007.2578125
300 581.153125 23588.4109375
310 405.015625 23993.4265625
320 404.4671875 24397.89375
330 586.55859375 24984.45234375
340 765.93046875 25750.3828125
350 1068.440625 26818.8234375
360 3258.02421875 30076.84765625
370 9067.04140625 39143.8890625
380 11888.80859375 51032.69765625
390 13110.57265625 64143.2703125
400 18999.3453125 83142.615625
410 13613.6046875 96756.2203125
