0 91.525 91.525
10 221.371875 312.896875
20 444.6671875 757.5640625
30 411.44140625 1169.00546875
40 721.70390625 1890.709375
50 754.29921875 2645.00859375
60 999.4515625 3644.46015625
70 1607.525 5251.98515625
80 1843.575 7095.56015625
90 2242.06015625 9337.6203125
100 2712.02734375 12049.64765625
110 3089.69453125 15139.3421875
120 3448.2546875 18587.596875
130 3351.20703125 21938.80390625
140 3551.471875 25490.27578125
150 3071.20859375 28561.484375
160 3613.17890625 32174.66328125
170 3241.03515625 35415.6984375
180 3211.05625 38626.7546875
190 3584.7 42211.4546875
200 3603.24296875 45814.69765625
210 3471.025 49285.72265625
220 3638.99765625 52924.7203125
230 3895.09296875 56819.81328125
240 3224.35 60044.16328125
250 4034.2515625 64078.41484375
260 2823.21875 66901.63359375
270 2676.8015625 69578.43515625
280 2984.9375 72563.37265625
290 2780.76015625 75344.1328125
300 3779.6703125 79123.803125
310 3025.5171875 82149.3203125
320 2986.01875 85135.3390625
330 3219.9578125 88355.296875
340 3501.82578125 91857.12265625
350 3343.01875 95200.14140625
360 6513.921875 101714.06328125
370 13262.77265625 114976.8359375
380 16183.25546875 131160.09140625
390 18178.725 149338.81640625
400 26298.41640625 175637.2328125
410 15571.74375 191208.9765625
