0 0.6 6
10 0.5 11
20 1.4 25
30 1.4 39
40 1.9 58
50 1.7 75
60 3.7 112
70 3.6 148
80 3.9 187
90 6.3 250
100 8.5 335
110 8.2 417
120 14.7 564
130 18.4 748
140 15.3 901
150 16.8 1069
160 18.8 1257
170 21 1467
180 24.2 1709
190 38.7 2096
200 41.7 2513
210 37.9 2892
220 45.3 3345
230 49.1 3836
240 53.1 4367
250 37.8 4745
260 10.3 4848
270 9.8 4946
280 8.6 5032
290 9.4 5126
300 8 5206
310 10.1 5307
320 11.8 5425
330 18.3 5608
340 21 5818
350 21.7 6035
360 331.1 9346
370 476.9 14115
380 468.6 18801
390 632.4 25125
400 856.4 33689
410 128.5 34974
