0 6 6
10 9 9
20 17 18
30 21 21
40 29 31
50 29 32
60 50 50
70 58 61
80 63 69
90 86 86
100 126 126
110 160 164
120 252 252
130 387 388
140 492 494
150 593 594
160 684 685
170 762 763
180 807 808
190 918 920
200 1015 1016
210 1024 1034
220 1095 1097
230 1152 1157
240 1193 1212
250 1103 1212
260 817 1212
270 645 1212
280 573 1212
290 505 1212
300 442 1212
310 451 1212
320 499 1212
330 602 1212
340 701 1212
350 735 1212
360 3477 3477
370 6150 6150
380 7242 7245
390 9029 9029
400 11252 12824
410 5648 12824
