0 1.6 16
10 2.5 41
20 3 71
30 4 111
40 8 191
50 8.7 278
60 6.1 339
70 14.9 488
80 16.3 651
90 18.8 839
100 29.7 1136
110 32.9 1465
120 34.8 1813
130 51.4 2327
140 63.1 2958
150 58.7 3545
160 74.3 4288
170 72.9 5017
180 78.9 5806
190 114.8 6954
200 143.7 8391
210 154.5 9936
220 162.1 11557
230 197.9 13536
240 183.4 15370
250 189.4 17264
260 204.9 19313
270 212.8 21441
280 221.1 23652
290 234.1 25993
300 276.2 28755
310 259.4 31349
320 271.5 34064
330 273.8 36802
340 300 39802
350 287.4 42676
360 308.8 45764
370 324.3 49007
380 320.3 52210
390 324.7 55457
400 355.8 59015
410 368.2 62697
420 385.1 66548
430 418.7 70735
440 447.2 75207
450 450.8 79715
460 448.4 84199
470 460.7 88806
480 457.3 93379
490 414.6 97525
500 486.6 102391
510 442.3 106814
520 439.3 111207
