0 0.4 4
10 1.4 18
20 1.8 36
30 2.4 60
40 4.8 108
50 4.4 152
60 4 192
70 8.8 280
80 8.1 361
90 11.6 477
100 20.1 678
110 20 878
120 21.2 1090
130 33.3 1423
140 37 1793
150 32.9 2122
160 44.1 2563
170 46 3023
180 44.9 3472
190 66.7 4139
200 83 4969
210 94.5 5914
220 96.2 6876
230 114.3 8019
240 113.6 9155
250 123.6 10391
260 119.6 11587
270 131.6 12903
280 133.1 14234
290 138.6 15620
300 158 17200
310 159.4 18794
320 162.6 20420
330 158.2 22002
340 176 23762
350 178.2 25544
360 191.2 27456
370 196.6 29422
380 198.5 31407
390 194.6 33353
400 216.5 35518
410 216.4 37682
420 225.9 39941
430 244.1 42382
440 248.7 44869
450 267.6 47545
460 270.6 50251
470 294 53191
480 311.4 56305
490 295.4 59259
500 321 62469
510 328.6 65755
520 371.5 69470
