0 0.1 1
10 0 1
20 0.1 2
30 0 2
40 0.2 4
50 0.6 10
60 0.2 12
70 0.3 15
80 0.8 23
90 0.8 31
100 1.1 42
110 1.7 59
120 0.9 68
130 2.1 89
140 2.5 114
150 2 134
160 3.8 172
170 3.1 203
180 4.6 249
190 4.7 296
200 5.7 353
210 7 423
220 7.5 498
230 9.3 591
240 7.2 663
250 7.5 738
260 8.5 823
270 8.3 906
280 9.8 1004
290 9.1 1095
300 13.5 1230
310 9.7 1327
320 13.5 1462
330 12.3 1585
340 14.1 1726
350 12.3 1849
360 12.1 1970
370 13.7 2107
380 14.4 2251
390 14.6 2397
400 15.4 2551
410 15.9 2710
420 17.8 2888
430 16.9 3057
440 17.5 3232
450 17.7 3409
460 17.8 3587
470 13.8 3725
480 15 3875
490 12.8 4003
500 13.3 4136
510 7.6 4212
520 8.3 4295
