0 0.6 13.129191080729166 26.55277246916218 72.5 0.908935546875 0 0
10 0.8 1.277313232421875 0.23933846612911022 72.5 0.882080078125 13.129191080729166 6
20 0.7 1.4158063616071428 0.23052539742835723 72.5 0.882080078125 6.356689453125 14
30 1.4 1.3349086216517858 0.25764175935063627 72.5 0.8330078125 4.7097284226190474 21
40 3 1.3589029947916667 0.26695162478883705 72.5 0.8330078125 3.359800502232143 35
50 1.3 1.3264535757211537 0.2785593234772316 72.5 0.8330078125 2.436309344951923 65
60 2.5 1.3973046875 0.585734888797683 72.5 0.81396484375 2.2513333834134617 78
70 3.7 1.271827491554054 0.2394909889068639 72.5 0.81396484375 2.044044864987864 103
80 4.3 1.2717852925145348 0.2319018015164983 72.5 0.81396484375 1.8399588448660715 140
90 6.4 1.1803321838378908 0.25408801529851854 72.5 0.745849609375 1.7064535839310109 183
100 8.7 1.20367221174569 0.24924808905978713 72.5 0.73095703125 1.5701306300607287 247
110 9.6 1.1649322509765618 0.25914209580605435 72.5 0.694091796875 1.4746758923559131 334
120 11 1.247574129971591 0.48574186787494633 72.5 0.694091796875 1.4055238235828489 430
130 15.6 1.2498857547075315 0.4604149221606808 72.5 0.685791015625 1.3733488859953704 540
140 15.1 1.194549358443709 0.25918520533689887 72.5 0.685791015625 1.3456761151894754 696
150 17.8 1.15100646286868 0.25255151718599156 72.5 0.685791015625 1.3187338008227567 847
160 19.1 1.2325790964496075 0.8910487012878249 72.5 0.685791015625 1.2896065167682926 1025
170 20 1.1754211425781245 0.24787742646634078 72.5 0.678955078125 1.2806490847938938 1216
180 21.7 1.2095862885224649 0.3154729388469641 72.5 0.678955078125 1.2657863810911016 1416
190 36.9 1.2844178734756098 0.6789671347948192 72.5 0.6728515625 1.2583182732604867 1633
200 40.1 1.210398077072942 0.3242713123900146 72.5 0.6728515625 1.263128838934503 2002
210 41 1.1936088748094515 0.2579352332144539 72.5 0.6728515625 1.2543294067636805 2403
220 45.9 1.162318942333878 0.283028405781929 72.5 0.631103515625 1.2454792759065054 2813
230 52 1.14293494591346 0.4372537697135813 72.5 0.631103515625 1.2338134467164577 3272
240 45.5 1.2094098772321444 0.6724767467813534 72.5 0.631103515625 1.2213512050451605 3792
250 49.7 1.2498865261883798 1.0018961365282628 72.5 0.631103515625 1.2200718774833703 4247
260 58.8 1.2382492792038684 0.8798986680852031 72.5 0.631103515625 1.223195376725864 4744
270 54 1.1801861798321764 0.794798125462599 72.5 0.631103515625 1.2248554845010078 5332
280 61.4 1.1716248950274828 0.5285594638612595 72.5 0.631103515625 1.220747612477648 5872
290 65.5 1.1804598043893115 0.2490223886396667 72.5 0.631103515625 1.2160973891482614 6486
300 73.7 1.1717043996989487 0.29799665459794134 72.5 0.631103515625 1.2128285727335977 7141
310 71.2 1.1606863643346208 0.2522737932789922 72.5 0.631103515625 1.2089813379625218 7878
320 66.3 1.1515104313961149 0.2616600985033939 72.5 0.631103515625 1.2049783087165304 8590
330 74.8 1.1781155999331565 0.6856726192910639 72.5 0.631103515625 1.201147205002769 9253
340 79.7 1.2046943004038573 0.4706810746091558 72.5 0.631103515625 1.199424613202742 10001
350 74.5 1.1467285156249993 0.2533256002023124 72.5 0.631103515625 1.1998135686296072 10798
360 83.1 1.1495900435281285 0.2765972901204038 72.5 0.631103515625 1.1963873913370116 11543
370 82.3 1.1777053035768543 0.2597317738364626 72.5 0.631103515625 1.1932446245656214 12374
380 87.3 1.221322845074458 0.7408364265997849 72.5 0.631103515625 1.1922755512024514 13197
390 87 1.2133115571120685 0.8176417563690952 72.5 0.631103515625 1.194077845982143 14070
400 96.9 1.1642398735810138 0.3071304722812122 72.5 0.631103515625 1.1951978813692272 14940
410 97 1.1793957897068297 0.5748254167588519 72.5 0.631103515625 1.193312262565608 15909
420 101 1.1658713161355176 0.3051187321096234 72.5 0.631103515625 1.1925125126590368 16879
430 124.1 1.171519510790189 0.37227149116230984 72.5 0.631103515625 1.1910083699742162 17889
440 143.5 1.154215551502612 0.26051870370478597 72.5 0.614013671875 1.1897440900867422 19130
450 147.1 1.1738651361212642 0.30631076089967363 72.5 0.614013671875 1.1872649530642172 20565
460 148.8 1.234597647061911 0.7728253658284753 72.5 0.614013671875 1.186370456298784 22036
470 192.6 1.6872800706207822 5.205752195247015 95.291015625 0.614013671875 1.1894210454781555 23524
480 195.3 1.167469468045956 0.2745532784269688 95.291015625 0.612060546875 1.2270979210154718 25450
490 180.6 1.165803657945735 0.40316043618645375 95.291015625 0.581787109375 1.2228482268706895 27403
500 303.2 1.3258880373670472 0.9082068974897555 95.291015625 0.581787109375 1.2193211464681266 29209
510 378.5 1.19226161296648 0.4675530094723712 95.291015625 0.581787109375 1.2293428831762165 32241
520 381.6 1.2266463113780797 0.6614215176640644 95.291015625 0.581787109375 1.2254470133115674 36026
