0 5 5
10 5 0
20 6 1
30 11 5
40 20 9
50 11 -9
60 21 10
70 24 3
80 33 9
90 51 18
100 55 4
110 66 11
120 84 18
130 106 22
140 110 4
150 136 26
160 136 0
170 153 17
180 165 12
190 245 80
200 282 37
210 305 23
220 362 57
230 388 26
240 385 -3
250 368 -17
260 445 77
270 429 -16
280 447 18
290 503 56
300 533 30
310 555 22
320 501 -54
330 568 67
340 603 35
350 597 -6
360 635 38
370 621 -14
380 647 26
390 686 39
400 726 40
410 802 76
420 843 41
430 1073 230
440 1482 409
450 1740 258
460 1866 126
470 2120 254
480 2253 133
490 2250 -3
500 3011 761
510 3384 373
520 3596 212
