0 0.1 0.6724139549430411 0 0.6724139549430411 0.6724139549430411 0 0
10 0.1 0.29795158286778395 0.0 0.6724139549430411 0.29795158286778395 0.6724139549430411 1
20 0.1 0.1738050900062073 0.0 0.6724139549430411 0.1738050900062073 0.48518276890541256 2
30 0.1 0.13659505774245623 0.0 0.6724139549430411 0.13659505774245623 0.3813902092723442 3
40 0.1 0.186219739292365 0.0 0.6724139549430411 0.13659505774245623 0.32019142138987217 4
50 0.1 0.285466054362666 0.0 0.6724139549430411 0.13659505774245623 0.29339708497037076 5
60 0.1 1.254190984726189 0.0 1.254190984726189 0.13659505774245623 0.2920752465357533 6
70 0.1 0.22346368715083798 0.0 1.254190984726189 0.13659505774245623 0.4295203519915298 7
80 0.1 0.38485412787088763 0.0 1.254190984726189 0.13659505774245623 0.4037632688864433 8
90 0.1 0.42188857178309963 0.0 1.254190984726189 0.13659505774245623 0.4016622532180482 9
100 0.1 0.7691353430095521 0.0 1.254190984726189 0.13659505774245623 0.40368488507455336 10
110 0.1 1.649714710989829 0.0 1.649714710989829 0.13659505774245623 0.436907653977735 11
120 0.1 0.6708907938874394 0.0 1.649714710989829 0.13659505774245623 0.5379749087287429 12
130 0.1 0.868917576961271 0.0 1.649714710989829 0.13659505774245623 0.5481992075871042 13
140 0.1 2.2213948870687514 0.0 2.2213948870687514 0.13659505774245623 0.5711076625424018 14
150 0.1 1.488095238095238 0.0 2.2213948870687514 0.13659505774245623 0.6811268108441584 15
160 0.1 1.5130844598784572 0.0 2.2213948870687514 0.13659505774245623 0.7315623375473508 16
170 0.1 2.152666089323271 0.0 2.2213948870687514 0.13659505774245623 0.7775342270962393 17
180 0.1 2.0678553739474985 0.0 2.2213948870687514 0.13659505774245623 0.8539304416644078 18
190 0.1 1.92259985115356 0.0 2.2213948870687514 0.13659505774245623 0.9178212275740442 19
200 0.1 3.664856860809477 0.0 3.664856860809477 0.13659505774245623 0.96806015875302 20
210 0.1 4.426955238563699 0.0 4.426955238563699 0.13659505774245623 1.096479049327137 21
220 0.1 4.339250493096647 0.0 4.426955238563699 0.13659505774245623 1.2478643306560717 22
230 0.1 4.971695791287226 0.0 4.971695791287226 0.13659505774245623 1.3822724246752272 23
240 0.1 6.3744046892172435 0.0 6.3744046892172435 0.13659505774245623 1.5318317316173937 24
250 0.1 6.0279343298211225 0.0 6.3744046892172435 0.13659505774245623 1.7255346499213877 25
260 0.1 7.145483515136659 0.0 7.145483515136659 0.13659505774245623 1.8910115606867621 26
270 0.1 6.8181818181818175 0.0 7.145483515136659 0.13659505774245623 2.0856216330737953 27
280 0.1 6.44686848878539 0.0 7.145483515136659 0.13659505774245623 2.254641639684796 28
290 0.1 6.457156886815615 0.0 7.145483515136659 0.13659505774245623 2.3992011862055063 29
300 0.1 8.422083486350838 0.0 8.422083486350838 0.13659505774245623 2.534466376225843 30
310 0.1 7.483159828536436 0.0 8.422083486350838 0.13659505774245623 2.7243895088105203 31
320 0.1 7.844574780058651 0.0 8.422083486350838 0.13659505774245623 2.873101081301955 32
330 0.1 7.74776976658927 0.0 8.422083486350838 0.13659505774245623 3.023751799446097 33
340 0.1 8.356715871660365 0.0 8.422083486350838 0.13659505774245623 3.162693504362073 34
350 0.1 9.166058837831267 0.0 9.166058837831267 0.13659505774245623 3.311094143427739 35
360 0.1 8.371013075889039 0.0 9.166058837831267 0.13659505774245623 3.4737320516056145 36
370 0.1 9.348752282410224 0.0 9.348752282410224 0.13659505774245623 3.6060909982078697 37
380 0.1 9.837654470559729 0.0 9.837654470559729 0.13659505774245623 3.757213663581616 38
390 0.1 9.458307973219721 0.0 9.837654470559729 0.13659505774245623 3.9131224022220805 39
400 0.1 9.970887918486172 0.0 9.970887918486172 0.13659505774245623 4.051752041497021 40
410 0.1 10.65842124408876 0.0 10.65842124408876 0.13659505774245623 4.196121209228464 41
420 0.1 11.186358689079695 0.0 11.186358689079695 0.13659505774245623 4.349985495772756 42
430 0.1 11.53148797292397 0.0 11.53148797292397 0.13659505774245623 4.508970918872918 43
440 0.1 13.33092919822094 0.0 13.33092919822094 0.13659505774245623 4.66857357919226 44
450 0.1 14.213624894869639 0.0 14.213624894869639 0.13659505774245623 4.86107037072623 45
460 0.1 15.051571120172703 0.0 15.051571120172703 0.13659505774245623 5.064386773424999 46
470 0.1 19.1738299904489 0.0 19.1738299904489 0.13659505774245623 5.276880057398355 47
480 0.1 20.509494044108976 0.0 20.509494044108976 0.13659505774245623 5.566399847670241 48
490 0.1 18.462813832306963 0.0 20.509494044108976 0.13659505774245623 5.8713609537200115 49
500 0.1 18.389437373617223 0.0 20.509494044108976 0.13659505774245623 6.123190011291751 50
510 0.1 26.59796201945345 0.0 26.59796201945345 0.13659505774245623 6.363704665454995 51
520 0.1 28.366993652625506 0.0 28.366993652625506 0.13659505774245623 6.7528249991857345 52
