10 0.2 2
20 0.2 4
30 0.1 5
40 0.7 12
50 0.3 15
60 0.3 18
70 0.5 23
80 0.5 28
90 0.9 37
100 1.7 54
110 1.2 66
120 2.6 92
130 2.7 119
140 2.3 142
150 3.5 177
160 3.1 208
170 2.9 237
180 2.9 266
190 6.3 329
200 7.3 402
210 6.2 464
220 6.1 525
230 9 615
240 6.6 681
250 8.4 765
260 8.2 847
270 9.9 946
280 12 1066
290 11.7 1183
300 14.4 1327
310 12.6 1453
320 11.4 1567
330 10.3 1670
340 13.3 1803
350 11.5 1918
360 13.1 2049
370 14 2189
380 17.6 2365
390 11.7 2482
400 16.6 2648
410 14.5 2793
420 16.1 2954
430 19.2 3146
440 21.8 3364
450 22.9 3593
460 26.6 3859
470 30.8 4167
480 27.9 4446
490 30 4746
500 41.4 5160
510 65.5 5815
520 60.8 6423
