0 0.2 2
10 0.7 9
20 0.6 15
30 0.9 24
40 2.3 47
50 2.1 68
60 1.5 83
70 3.3 116
80 3.6 152
90 4.6 198
100 8.3 281
110 8.5 366
120 9.2 458
130 13.6 594
140 14.6 740
150 15.4 894
160 19 1084
170 18.5 1269
180 20.3 1472
190 28.6 1758
200 36.7 2125
210 38.3 2508
220 40.4 2912
230 49.3 3405
240 48 3885
250 51.6 4401
260 50 4901
270 55.7 5458
280 61.7 6075
290 59.5 6670
300 70.4 7374
310 68.5 8059
320 71.8 8777
330 68.2 9459
340 75.8 10217
350 75 10967
360 79.1 11758
370 83.6 12594
380 84.7 13441
390 83.8 14279
400 91.7 15196
410 89.7 16093
420 96.5 17058
430 101.7 18075
440 102.2 19097
450 120.9 20306
460 136 21666
470 167.3 23339
480 181.3 25152
490 189.7 27049
500 232.1 29370
510 343.2 32802
520 361.5 36417
