0 0.1 29462.64453125 0 29462.64453125 29462.64453125 0 0
10 0.1 29459.76953125 0.0 29462.64453125 29459.76953125 29462.64453125 1
20 0.1 29457.234375 0.0 29462.64453125 29457.234375 29461.20703125 2
30 0.1 29456.28515625 0.0 29462.64453125 29456.28515625 29459.8828125 3
40 0.1 29456.19140625 0.0 29462.64453125 29456.19140625 29458.9833984375 4
50 0.1 29454.14453125 0.0 29462.64453125 29454.14453125 29458.425 5
60 0.1 29452.4375 0.0 29462.64453125 29452.4375 29457.711588541668 6
70 0.1 29452.05859375 0.0 29462.64453125 29452.05859375 29456.958147321428 7
80 0.1 29449.95703125 0.0 29462.64453125 29449.95703125 29456.345703125 8
90 0.1 29448.3125 0.0 29462.64453125 29448.3125 29455.635850694445 9
100 0.1 29442.20703125 0.0 29462.64453125 29442.20703125 29454.903515625 10
110 0.1 29444.8984375 0.0 29462.64453125 29442.20703125 29453.749289772728 11
120 0.1 29444.3046875 0.0 29462.64453125 29442.20703125 29453.01171875 12
130 0.1 29439.40234375 0.0 29462.64453125 29439.40234375 29452.341947115383 13
140 0.1 29433.8046875 0.0 29462.64453125 29433.8046875 29451.41768973214 14
150 0.1 29431.37890625 0.0 29462.64453125 29431.37890625 29450.243489583332 15
160 0.1 29425.8515625 0.0 29462.64453125 29425.8515625 29449.064453125 16
170 0.1 29417.6796875 0.0 29462.64453125 29417.6796875 29447.698988970587 17
180 0.1 29415.76953125 0.0 29462.64453125 29415.76953125 29446.03125 18
190 0.1 29415.140625 0.0 29462.64453125 29415.140625 29444.438527960527 19
200 0.1 29392.578125 0.0 29462.64453125 29392.578125 29442.9736328125 20
210 0.1 29384.46875 0.0 29462.64453125 29384.46875 29440.57384672619 21
220 0.1 29379.5390625 0.0 29462.64453125 29379.5390625 29438.02361505682 22
230 0.1 29364.08203125 0.0 29462.64453125 29364.08203125 29435.480808423912 23
240 0.1 29349.7265625 0.0 29462.64453125 29349.7265625 29432.505859375 24
250 0.1 29334.0234375 0.0 29462.64453125 29334.0234375 29429.1946875 25
260 0.1 29324.37890625 0.0 29462.64453125 29324.37890625 29425.53425480769 26
270 0.1 29337.45703125 0.0 29462.64453125 29324.37890625 29421.787760416668 27
280 0.1 29326.640625 0.0 29462.64453125 29324.37890625 29418.775948660714 28
290 0.1 29314.86328125 0.0 29462.64453125 29314.86328125 29415.598868534482 29
300 0.1 29312.2734375 0.0 29462.64453125 29312.2734375 29412.241015625 30
310 0.1 29305.78125 0.0 29462.64453125 29305.78125 29409.016255040322 31
320 0.1 29304.3125 0.0 29462.64453125 29304.3125 29405.790161132813 32
330 0.1 29287.37109375 0.0 29462.64453125 29287.37109375 29402.715080492424 33
340 0.1 29266.37109375 0.0 29462.64453125 29266.37109375 29399.32261029412 34
350 0.1 29272.00390625 0.0 29462.64453125 29266.37109375 29395.523995535714 35
360 0.1 29283.28125 0.0 29462.64453125 29266.37109375 29392.092881944445 36
370 0.1 29280.375 0.0 29462.64453125 29266.37109375 29389.152027027027 37
380 0.1 29274.9296875 0.0 29462.64453125 29266.37109375 29386.28947368421 38
390 0.1 29265.70703125 0.0 29462.64453125 29265.70703125 29383.43409455128 39
400 0.1 29260.33203125 0.0 29462.64453125 29260.33203125 29380.49091796875 40
410 0.1 29244.0 0.0 29462.64453125 29244.0 29377.560213414636 41
420 0.1 29241.9375 0.0 29462.64453125 29241.9375 29374.380208333332 42
430 0.1 29242.02734375 0.0 29462.64453125 29241.9375 29371.300145348836 43
440 0.1 29191.609375 0.0 29462.64453125 29191.609375 29368.36212713068 44
450 0.1 29102.9296875 0.0 29462.64453125 29102.9296875 29364.434288194443 45
460 0.1 29077.65234375 0.0 29462.64453125 29077.65234375 29358.749405570652 46
470 0.1 29028.66796875 0.0 29462.64453125 29028.66796875 29352.768617021276 47
480 0.1 28976.609375 0.0 29462.64453125 28976.609375 29346.016520182293 48
490 0.1 28952.91015625 0.0 29462.64453125 28952.91015625 29338.47759885204 49
500 0.1 28946.92578125 0.0 29462.64453125 28946.92578125 29330.76625 50
510 0.1 28889.3125 0.0 29462.64453125 28889.3125 29323.23996629902 51
520 0.1 28868.1875 0.0 29462.64453125 28868.1875 29314.89520733173 52
