0 0.1 0.03125 0 0.03125 0.03125 0 0
10 0.1 0.01953125 0.0 0.03125 0.01953125 0.03125 1
20 0.1 0.01953125 0.0 0.03125 0.01953125 0.025390625 2
30 0.1 0.01953125 0.0 0.03125 0.01953125 0.0234375 3
40 0.1 0.01171875 0.0 0.03125 0.01171875 0.0224609375 4
50 0.1 0.01171875 0.0 0.03125 0.01171875 0.0203125 5
60 0.1 0.01171875 0.0 0.03125 0.01171875 0.018880208333333332 6
70 0.1 0.01171875 0.0 0.03125 0.01171875 0.017857142857142856 7
80 0.1 0.08984375 0.0 0.08984375 0.01171875 0.01708984375 8
90 0.1 0.0703125 0.0 0.08984375 0.01171875 0.025173611111111112 9
100 0.1 0.05859375 0.0 0.08984375 0.01171875 0.0296875 10
110 0.1 0.05078125 0.0 0.08984375 0.01171875 0.03231534090909091 11
120 0.1 0.0390625 0.0 0.08984375 0.01171875 0.033854166666666664 12
130 0.1 0.0390625 0.0 0.08984375 0.01171875 0.034254807692307696 13
140 0.1 0.03125 0.0 0.08984375 0.01171875 0.03459821428571429 14
150 0.1 0.03125 0.0 0.08984375 0.01171875 0.034375 15
160 0.1 0.01953125 0.0 0.08984375 0.01171875 0.0341796875 16
170 0.1 0.08984375 0.0 0.08984375 0.01171875 0.03331801470588235 17
180 0.1 0.078125 0.0 0.08984375 0.01171875 0.036458333333333336 18
190 0.1 0.140625 0.0 0.140625 0.01171875 0.038651315789473686 19
200 0.1 0.12109375 0.0 0.140625 0.01171875 0.04375 20
210 0.1 0.1796875 0.0 0.1796875 0.01171875 0.04743303571428571 21
220 0.1 0.23046875 0.0 0.23046875 0.01171875 0.05344460227272727 22
230 0.1 0.26953125 0.0 0.26953125 0.01171875 0.06114130434782609 23
240 0.1 0.5390625 0.0 0.5390625 0.01171875 0.06982421875 24
250 0.1 0.55078125 0.0 0.55078125 0.01171875 0.08859375 25
260 0.1 0.69921875 0.0 0.69921875 0.01171875 0.1063701923076923 26
270 0.1 0.58984375 0.0 0.69921875 0.01171875 0.1283275462962963 27
280 0.1 0.73046875 0.0 0.73046875 0.01171875 0.14481026785714285 28
290 0.1 0.69140625 0.0 0.73046875 0.01171875 0.16500538793103448 29
300 0.1 0.73828125 0.0 0.73828125 0.01171875 0.18255208333333334 30
310 0.1 0.62890625 0.0 0.73828125 0.01171875 0.20047883064516128 31
320 0.1 0.53125 0.0 0.73828125 0.01171875 0.2138671875 32
330 0.1 0.44921875 0.0 0.73828125 0.01171875 0.22348484848484848 33
340 0.1 0.44921875 0.0 0.73828125 0.01171875 0.23012408088235295 34
350 0.1 0.53125 0.0 0.73828125 0.01171875 0.23638392857142856 35
360 0.1 0.51953125 0.0 0.73828125 0.01171875 0.2445746527777778 36
370 0.1 0.6015625 0.0 0.73828125 0.01171875 0.25200591216216217 37
380 0.1 0.73828125 0.0 0.73828125 0.01171875 0.2612047697368421 38
390 0.1 0.69921875 0.0 0.73828125 0.01171875 0.2734375 39
400 0.1 0.8203125 0.0 0.8203125 0.01171875 0.28408203125 40
410 0.1 0.76953125 0.0 0.8203125 0.01171875 0.2971608231707317 41
420 0.1 0.80859375 0.0 0.8203125 0.01171875 0.3084077380952381 42
430 0.1 0.69140625 0.0 0.8203125 0.01171875 0.32003997093023256 43
440 0.1 0.73046875 0.0 0.8203125 0.01171875 0.32848011363636365 44
450 0.1 0.78125 0.0 0.8203125 0.01171875 0.33741319444444445 45
460 0.1 0.73046875 0.0 0.8203125 0.01171875 0.3470618206521739 46
470 0.1 0.62109375 0.0 0.8203125 0.01171875 0.355219414893617 47
480 0.1 0.75 0.0 0.8203125 0.01171875 0.3607584635416667 48
490 0.1 0.94140625 0.0 0.94140625 0.01171875 0.3687021683673469 49
500 0.1 1.109375 0.0 1.109375 0.01171875 0.38015625 50
510 0.1 1.3984375 0.0 1.3984375 0.01171875 0.3944546568627451 51
520 0.1 1.80078125 0.0 1.80078125 0.01171875 0.4137620192307692 52
