0 1.9 129.25749126233552 144.31255070959315 393.594970703125 11.051025390625 0 0
10 3.2 100.99961090087889 104.67816984518379 393.594970703125 11.051025390625 129.25749126233552 19
20 4.3 83.52907544513083 79.99131617535842 393.594970703125 11.051025390625 111.52705652573529 51
30 5.4 59.20628074363425 59.64200653613599 393.594970703125 10.724853515625 98.71946943567154 94
40 10.5 71.27845052083335 71.55949591817118 418.4541015625 10.072998046875 84.30249518317146 148
50 11.3 79.9415013136062 84.86515236938001 505.72314453125 10.06103515625 78.89725925611413 253
60 8.8 56.38451871004972 59.09324752341845 505.72314453125 9.4599609375 79.21966185856387 366
70 19.8 76.61205931384153 77.76083419042716 505.72314453125 8.60791015625 74.79346671083425 454
80 21.5 73.30290129905526 97.73786246076602 638.287109375 8.0771484375 75.34573869763707 652
90 26.4 63.190915194424676 72.116089951529 638.287109375 8.0771484375 74.83915272221022 867
100 40.4 76.2223371751239 81.14416258950001 638.287109375 8.0771484375 72.12020072633455 1131
110 43.9 73.40500371494161 94.45201580394782 908.923828125 8.0771484375 73.19985097083676 1535
120 47.7 69.5167663702175 78.11194553993722 908.923828125 8.0771484375 73.24547511200294 1974
130 70.3 70.28106767592017 78.26282684079752 908.923828125 7.837890625 72.51981453679623 2451
140 84.7 75.18863451889023 87.5674974588978 928.76318359375 7.837890625 72.02081674250458 3154
150 78.6 63.49024524640187 75.15507235935577 932.18798828125 7.837890625 72.6914345022143 4001
160 100.9 69.5260398116174 78.50109332274747 932.18798828125 7.837890625 71.18064804826223 4787
170 100 67.711536376953 70.7466745372853 932.18798828125 7.672119140625 70.89260461990222 5796
180 107.4 64.16079456180151 71.42008429752586 932.18798828125 7.672119140625 70.42452512564836 6796
190 152.7 67.56183360961033 74.56819389453237 932.18798828125 7.672119140625 69.56972885810433 7870
200 190 72.62452431126653 79.32329288373327 991.60302734375 7.672119140625 69.24344855114994 9397
210 210.2 71.62681885927095 76.26569785578029 991.60302734375 7.632080078125 69.8120989843819 11297
220 218.8 69.43790771930705 74.62377056763938 991.60302734375 7.632080078125 70.09678748180835 13399
230 265.2 72.65870585952224 76.43167264628266 991.60302734375 7.453125 70.00429829720882 15587
240 250.8 73.29005677924388 75.35076614002149 991.60302734375 7.053955078125 70.39025634618383 18239
250 265.3 70.68174774135414 75.10840421078147 991.60302734375 7.053955078125 70.74079856848655 20747
260 276.3 71.42661776078427 77.66469079018948 991.60302734375 7.053955078125 70.73410361787192 23400
270 290.8 70.971289633393 73.34263445386911 991.60302734375 7.053955078125 70.80723806640103 26163
280 303.7 72.4642848070415 79.10543590110676 1079.327880859375 7.053955078125 70.8236483019214 29071
290 316.4 73.26417458554731 78.76268893137495 1079.327880859375 7.053955078125 70.97883121789404 32108
300 373.8 77.19425246727045 86.10692763143197 1132.427001953125 7.053955078125 71.18383310083959 35272
310 354.5 75.85066926899674 86.60660356788944 1132.427001953125 7.053955078125 71.7597610062925 39010
320 368.6 81.89379035009992 87.69365595754735 1132.427001953125 7.053955078125 72.10054986286133 42555
330 369 76.0974900491194 82.26787644989273 1132.427001953125 7.053955078125 72.88119657110643 46241
340 407.8 89.52756627837239 96.0978552468484 1132.427001953125 7.053955078125 73.11888704263448 49931
350 396.2 81.39693180182428 86.16014781097469 1132.427001953125 7.053955078125 74.35783969725388 54009
360 423.5 91.71595261538886 97.58892522350884 1132.427001953125 7.053955078125 74.83892304786552 57971
370 440.9 93.49323195009495 96.33065717757484 1248.086181640625 7.053955078125 75.98791543153368 62206
380 443.4 93.23205825193095 93.88658326088076 1248.086181640625 7.053955078125 77.14652746381375 66615
390 441.9 103.83075502270015 108.8805069478629 1453.659912109375 7.053955078125 78.15038738463616 71049
400 486.9 119.74962152938241 134.28487716350367 1453.659912109375 7.053955078125 79.65409153199138 75468
410 497.8 124.19037323795008 119.90032985364515 1453.659912109375 7.053955078125 82.08416902501823 80337
420 522.8 139.73430364443814 153.76126164167013 1453.659912109375 7.053955078125 84.54100175750344 85315
430 569.8 192.92795722080413 204.19605689958496 1847.39306640625 7.053955078125 87.72789176849152 90543
440 609.2 714.3253245964246 544.9851868492498 3780.111083984375 1.574951171875 93.95631804156929 96241
450 685.6 962.9225438940344 677.1515187295613 4443.3349609375 1.349853515625 130.88759131541232 102333
460 716 1080.3061291913066 699.4821288644854 4443.3349609375 1.009033203125 183.13123888869382 109189
470 923.3 896.3611308134714 748.7458543368622 4443.3349609375 1.009033203125 238.3424758960313 116349
480 984.5 849.3171543444887 762.3697457551864 4443.3349609375 1.009033203125 286.7211148797449 125582
490 954 829.6296994255283 762.7677297398388 4443.3349609375 1.009033203125 327.6195916128218 135427
500 1269.3 669.0451003882864 705.0997238635842 4443.3349609375 1.009033203125 360.6559131793384 144967
510 1857.7 453.5377007033857 654.2618019889715 4443.3349609375 0.9921875 385.4839225237706 157660
520 1947.3 439.92828287334186 636.5367856835641 4443.3349609375 0.9921875 392.65741638285084 176237
