10 0.1 290 0 290 290 0 0
20 0.1 270.0 0.0 290 270 290.0 1
30 0.1 347.0 0.0 347 270 280.0 2
40 0.1 427.0 0.0 427 270 302.3333333333333 3
50 0.1 958.0 0.0 958 270 333.5 4
60 0.1 1168.0 0.0 1168 270 458.4 5
70 0.1 717.0 0.0 1168 270 576.6666666666666 6
80 0.1 1689.0 0.0 1689 270 596.7142857142857 7
90 0.1 1785.0 0.0 1785 270 733.25 8
100 0.1 2672.0 0.0 2672 270 850.1111111111111 9
110 0.1 3262.0 0.0 3262 270 1032.3 10
120 0.1 3696.0 0.0 3696 270 1235.0 11
130 0.1 4310.0 0.0 4310 270 1440.0833333333333 12
140 0.1 6436.0 0.0 6436 270 1660.8461538461538 13
150 0.1 7488.0 0.0 7488 270 2001.9285714285713 14
160 0.1 6753.0 0.0 7488 270 2367.6666666666665 15
170 0.1 8310.0 0.0 8310 270 2641.75 16
180 0.1 8768.0 0.0 8768 270 2975.176470588235 17
190 0.1 9048.0 0.0 9048 270 3297.0 18
200 0.1 13636.0 0.0 13636 270 3599.684210526316 19
210 0.1 16631.0 0.0 16631 270 4101.5 20
220 0.1 17822.0 0.0 17822 270 4698.142857142857 21
230 0.1 19690.0 0.0 19690 270 5294.681818181818 22
240 0.1 22745.0 0.0 22745 270 5920.565217391304 23
250 0.1 23147.0 0.0 23147 270 6621.583333333333 24
260 0.1 22801.0 0.0 23147 270 7282.6 25
270 0.1 25013.0 0.0 25013 270 7879.461538461538 26
280 0.1 24255.0 0.0 25013 270 8514.037037037036 27
290 0.1 25949.0 0.0 25949 270 9076.214285714286 28
300 0.1 28682.0 0.0 28682 270 9658.034482758621 29
310 0.1 32019.0 0.0 32019 270 10292.166666666666 30
320 0.1 31166.0 0.0 32019 270 10993.032258064517 31
330 0.1 31362.0 0.0 32019 270 11623.4375 32
340 0.1 33041.0 0.0 33041 270 12221.575757575758 33
350 0.1 36235.0 0.0 36235 270 12833.911764705883 34
360 0.1 34473.0 0.0 36235 270 13502.514285714286 35
370 0.1 38411.0 0.0 38411 270 14085.027777777777 36
380 0.1 38204.0 0.0 38411 270 14742.486486486487 37
390 0.1 39651.0 0.0 39651 270 15359.894736842105 38
400 0.1 40046.0 0.0 40046 270 15982.74358974359 39
410 0.1 43975.0 0.0 43975 270 16584.325 40
420 0.1 45278.0 0.0 45278 270 17252.39024390244 41
430 0.1 47245.0 0.0 47245 270 17919.666666666668 42
440 0.1 53185.0 0.0 53185 270 18601.6511627907 43
450 0.1 58504.0 0.0 58504 270 19387.636363636364 44
460 0.1 60966.0 0.0 60966 270 20256.88888888889 45
470 0.1 62594.0 0.0 62594 270 21141.869565217396 46
480 0.1 63452.0 0.0 63452 270 22023.829787234048 47
490 0.1 63378.0 0.0 63452 270 22886.91666666667 48
500 0.1 63166.0 0.0 63452 270 23713.265306122456 49
510 0.1 77854.0 0.0 77854 270 24502.320000000003 50
520 0.1 80013.0 0.0 80013 270 25548.431372549025 51
