0 2.1 116.94030180431548 136.81785713945047 393.594970703125 11.051025390625 0 0
10 3.9 82.85762845552884 100.67867979806026 393.594970703125 9.87890625 116.94030180431548 21
20 4.9 73.29320790816327 74.35789519537512 393.594970703125 9.87890625 94.78656412760417 60
30 6.4 49.94578170776367 56.59312535505325 393.594970703125 7.891845703125 85.1244131665711 109
40 13 57.55770733173077 65.01202381032179 418.4541015625 7.891845703125 72.11035297371748 173
50 13.7 65.92588104470799 72.32937348544641 505.72314453125 7.882080078125 65.86664362237005 303
60 10.3 48.16313097314927 54.70661303564694 505.72314453125 7.882080078125 65.88508800159799 440
70 24 63.19376118977859 71.246632669628 505.72314453125 7.882080078125 62.523464476864625 543
80 25.2 62.530902196490565 82.26014789578686 638.287109375 7.680908203125 62.728919408025995 783
90 31.2 53.45895620492789 63.5458591893651 638.287109375 7.5400390625 62.68070652173911 1035
100 50.9 60.48516162205304 73.16198446561005 638.287109375 7.5400390625 60.54471090270042 1347
110 54.6 59.00768103966347 82.12393606827227 908.923828125 7.5400390625 60.528379769160814 1856
120 56.9 58.266454820683215 71.28828464528713 908.923828125 7.5400390625 60.182708867285065 2402
130 86.8 57.0106637137277 67.75781505922768 908.923828125 7.5400390625 59.81571171059827 2971
140 102.6 61.97408159341496 79.62605589241909 928.76318359375 7.5400390625 59.18148882409563 3839
150 93.5 53.45817205255682 67.0515379024087 932.18798828125 7.5400390625 59.770430279660204 4865
160 122.3 57.32111798440057 68.80142587644025 932.18798828125 7.5400390625 58.75285072063578 5800
170 122 55.55492203509224 61.49122303288667 932.18798828125 7.5400390625 58.50352576884656 7023
180 128.4 53.62322807906204 61.46500222066475 932.18798828125 7.5400390625 58.06711953869002 8243
190 186.2 55.38674012213848 63.32504563139846 932.18798828125 7.5400390625 57.46819473191324 9527
200 232.4 59.32282754763471 70.65251406483618 991.60302734375 7.5400390625 57.12789545336372 11389
210 256 58.79999866485595 66.79007980940688 991.60302734375 7.51220703125 57.499879861376975 13713
220 265.8 57.18335659007009 65.20394110310535 991.60302734375 7.51220703125 57.70440908997073 16273
230 321.5 59.941535800204115 66.20652553687606 991.60302734375 7.364990234375 57.631250907902384 18931
240 304.2 60.45440412994124 66.89021824775985 991.60302734375 7.053955078125 57.96664176533714 22146
250 320.5 58.443132830782 66.85732686584905 991.60302734375 7.053955078125 58.26709329436388 25188
260 333 59.32748884138044 68.48529271671171 991.60302734375 7.053955078125 58.28696462582657 28393
270 352.7 58.43422663282805 64.83735648138537 991.60302734375 7.053955078125 58.39618965617661 31723
280 364 60.47897446181748 69.51753962861848 1079.327880859375 7.053955078125 58.39999551196809 35250
290 381.8 60.680211782080754 69.75564428801093 1079.327880859375 7.053955078125 58.594582382049126 38890
300 447.7 64.40933919416243 74.9443919590819 1132.427001953125 7.053955078125 58.781033001355134 42708
310 428.5 62.83492954392138 75.1661181266599 1132.427001953125 7.053955078125 59.31505709429141 47185
320 447.5 67.35769989525133 74.38995232339713 1132.427001953125 7.053955078125 59.608094853115276 51470
330 444.4 63.275129014366435 71.70758610178508 1132.427001953125 7.053955078125 60.227980143374616 55945
340 490 74.5031760702329 80.35742212107317 1132.427001953125 7.053955078125 60.452218491131454 60389
350 478 67.43219678551569 75.63824164133015 1132.427001953125 7.053955078125 61.50675588851229 65289
360 512 75.8612866401671 82.06844804135173 1132.427001953125 7.053955078125 61.91098040274363 70069
370 534.7 77.0694022805573 81.848861667277 1248.086181640625 7.053955078125 62.86092744201278 75189
380 533.2 77.58900157473461 79.79051136088576 1248.086181640625 7.053955078125 63.8042660106243 80536
390 533.9 86.28797417880196 91.51420388975116 1453.659912109375 7.053955078125 64.66023342605072 85868
400 587.7 98.97443602144763 105.66192202718031 1453.659912109375 7.053955078125 65.92626024284043 91207
410 600.5 103.4083226542985 95.93495674764905 1453.659912109375 7.053955078125 67.92683839218404 97084
420 628.8 116.37315407478772 117.6347741673641 1453.659912109375 7.053955078125 69.99365748048635 103089
430 679.7 163.17390682326558 151.531105287869 1515.903076171875 7.053955078125 72.65997923537968 109377
440 728 611.1189729124661 367.44214033810124 1869.9599609375 1.555908203125 77.95568365990547 116174
450 830.2 804.1057513555652 412.2243425135837 1967.443115234375 1.302001953125 109.39596705095511 123454
460 862.4 896.7786902602827 414.6129594772345 2329.9521484375 1.009033203125 153.1699176057448 131756
470 1113.3 744.0438881204811 510.6953319043065 2398.941162109375 1.009033203125 198.8522231718706 140380
480 1193.5 700.1712305587588 523.9545844011612 2398.941162109375 0.998046875 238.91227614338382 151513
490 1157.5 683.0721980249406 541.6653344189907 2398.941162109375 0.998046875 272.59348130311355 163448
500 1515.3 555.1616695577544 521.474603539265 2398.941162109375 0.998046875 299.74014857572996 175023
510 2262.1 374.5991847056523 516.8694467663919 2398.941162109375 0.923095703125 320.0918349475151 190176
520 2362.6 362.0803715153607 498.39981371785126 2398.941162109375 0.923095703125 325.88614012512016 212797
