10 0.1 216 0 216 216 0 0
20 0.1 207.0 0.0 216 207 216.0 1
30 0.1 240.0 0.0 240 207 211.5 2
40 0.1 305.0 0.0 305 207 221.0 3
50 0.1 687.0 0.0 687 207 242.0 4
60 0.1 743.0 0.0 743 207 331.0 5
70 0.1 568.0 0.0 743 207 399.6666666666667 6
80 0.1 1115.0 0.0 1115 207 423.7142857142857 7
90 0.1 1209.0 0.0 1209 207 510.125 8
100 0.1 1853.0 0.0 1853 207 587.7777777777778 9
110 0.1 2254.0 0.0 2254 207 714.3 10
120 0.1 2573.0 0.0 2573 207 854.2727272727273 11
130 0.1 3006.0 0.0 3006 207 997.5 12
140 0.1 4397.0 0.0 4397 207 1152.0 13
150 0.1 5128.0 0.0 5128 207 1383.7857142857142 14
160 0.1 4889.0 0.0 5128 207 1633.4 15
170 0.1 5665.0 0.0 5665 207 1836.875 16
180 0.1 5922.0 0.0 5922 207 2062.0588235294117 17
190 0.1 6338.0 0.0 6338 207 2276.5 18
200 0.1 9534.0 0.0 9534 207 2490.2631578947367 19
210 0.1 11420.0 0.0 11420 207 2842.45 20
220 0.1 12061.0 0.0 12061 207 3250.904761904762 21
230 0.1 13889.0 0.0 13889 207 3651.3636363636365 22
240 0.1 15734.0 0.0 15734 207 4096.478260869565 23
250 0.1 15887.0 0.0 15887 207 4581.375 24
260 0.1 15931.0 0.0 15931 207 5033.6 25
270 0.1 17372.0 0.0 17372 207 5452.7307692307695 26
280 0.1 17079.0 0.0 17372 207 5894.185185185185 27
290 0.1 18023.0 0.0 18023 207 6293.642857142857 28
300 0.1 20090.0 0.0 20090 207 6698.103448275862 29
310 0.1 22243.0 0.0 22243 207 7144.5 30
320 0.1 21974.0 0.0 22243 207 7631.548387096775 31
330 0.1 21305.0 0.0 22243 207 8079.75 32
340 0.1 22906.0 0.0 22906 207 8480.515151515152 33
350 0.1 24729.0 0.0 24729 207 8904.79411764706 34
360 0.1 24018.0 0.0 24729 207 9356.914285714285 35
370 0.1 26417.0 0.0 26417 207 9764.166666666666 36
380 0.1 26150.0 0.0 26417 207 10214.243243243243 37
390 0.1 26960.0 0.0 26960 207 10633.605263157895 38
400 0.1 27355.0 0.0 27355 207 11052.23076923077 39
410 0.1 29919.0 0.0 29919 207 11459.8 40
420 0.1 30456.0 0.0 30456 207 11910.024390243903 41
430 0.1 32044.0 0.0 32044 207 12351.59523809524 42
440 0.1 36725.0 0.0 36725 207 12809.558139534887 43
450 0.1 41663.0 0.0 41663 207 13353.090909090912 44
460 0.1 46879.0 0.0 46879 207 13982.200000000003 45
470 0.1 48599.0 0.0 48599 207 14697.34782608696 46
480 0.1 48797.0 0.0 48797 207 15418.659574468087 47
490 0.1 49425.0 0.0 49425 207 16114.04166666667 48
500 0.1 49178.0 0.0 49425 207 16793.857142857145 49
510 0.1 69936.0 0.0 69936 207 17441.54 50
520 0.1 75431.0 0.0 75431 207 18470.843137254902 51
