0 0.2 5151.4654541015625 2750.4715576171875 7901.93701171875 2400.993896484375 0 0
10 0.7 7391.675397600447 5826.894862508042 17445.825927734375 762.575927734375 5151.4654541015625 2
20 0.6 4643.131510416667 3878.8409269122217 17445.825927734375 762.575927734375 6893.850965711806 9
30 0.9 7808.073404947917 7964.604343869145 27235.201171875 704.673095703125 5993.56318359375 15
40 2.3 3989.276430876358 2684.846290462636 27235.201171875 276.27685546875 6674.0045166015625 24
50 2.1 9209.300223214286 8734.74788181594 32716.097900390625 276.27685546875 5360.201410821143 47
60 1.5 6036.869856770833 7399.302712157438 32716.097900390625 276.27685546875 6548.893691119026 68
70 3.3 6264.604958274148 8051.043073709066 32716.097900390625 276.27685546875 6456.359263224774 83
80 3.6 7602.191101074217 7414.617032904293 33211.422119140625 276.27685546875 6401.808469575027 116
90 4.6 6610.861535113793 7023.543861634587 33211.422119140625 276.27685546875 6686.109619140625 152
100 8.3 5507.9560105657 5278.6653761262205 33211.422119140625 131.27099609375 6668.6277410333805 198
110 8.5 5796.719864430146 6108.182464996817 35740.860107421875 131.27099609375 6325.795877585631 281
120 9.2 6694.176505710768 7910.129757802976 46882.988037109375 131.27099609375 6202.923033000341 366
130 13.6 5708.750797047334 6123.888517946158 46882.988037109375 131.27099609375 6301.602769876672 458
140 14.6 7118.829680142337 7586.73264824474 47080.052001953125 131.27099609375 6165.865617848406 594
150 15.4 6016.196885146102 5719.774735550341 47080.052001953125 131.27099609375 6353.882851760452 740
160 19 7147.5613820929275 8064.210994548769 47080.052001953125 131.27099609375 6295.713233350374 894
170 18.5 6909.955530774915 7883.921398656473 47080.052001953125 131.27099609375 6445.022410712999 1084
180 20.3 8501.344308035714 8544.949577620935 47080.052001953125 102.3818359375 6512.802258791371 1269
190 28.6 5883.8315574806065 6606.539401186999 47080.052001953125 102.3818359375 6787.0373375934105 1472
200 36.7 6019.1554670203905 5851.143318665445 47080.052001953125 102.3818359375 6640.099423422613 1758
210 38.3 6551.614970473645 6321.0172136123165 47080.052001953125 102.3818359375 6532.858749540441 2125
220 40.4 6876.297838872024 7007.049857909538 47080.052001953125 102.3818359375 6535.72303686796 2508
230 49.3 6857.479929956897 7759.082755138664 54266.099853515625 102.3818359375 6582.973112420721 2912
240 48 7408.229637145996 7980.0966854532335 54266.099853515625 102.3818359375 6622.718152375298 3405
250 51.6 8077.073669906734 8630.925077081767 54266.099853515625 102.3818359375 6719.7697643933 3885
260 50 7713.704499023435 8597.371819967491 57566.794921875 102.3818359375 6878.908327275583 4401
270 55.7 7474.39832529174 7551.6913594511 57566.794921875 102.3818359375 6964.074229310663 4901
280 61.7 7422.9701792316655 8002.222773890027 58221.5390625 102.3818359375 7016.153841157761 5458
290 59.5 7286.10324112067 7653.97582072746 58221.5390625 102.3818359375 7057.471648662551 6075
300 70.4 7080.895566073331 7659.904677029343 58221.5390625 102.3818359375 7077.866820703418 6670
310 68.5 7874.501898237911 8253.49804135475 58221.5390625 102.3818359375 7078.155976757177 7374
320 71.8 7630.8042379820245 7753.416863419212 58221.5390625 102.3818359375 7145.843897865789 8059
330 68.2 7860.835283833168 8177.767045248406 58221.5390625 102.3818359375 7185.515941183945 8777
340 75.8 7384.035498948715 7569.380664129951 58221.5390625 102.3818359375 7234.2069012946085 9459
350 75 8007.688960611979 8094.775722526582 58221.5390625 102.3818359375 7245.322696246338 10217
360 79.1 7494.293647467115 7607.434860976716 58221.5390625 102.3818359375 7297.458622048674 10967
370 83.6 7479.9853270316235 7667.56278355641 58221.5390625 102.3818359375 7310.7003727806 11758
380 84.7 7278.5351357848485 7700.74561631061 58221.5390625 102.3818359375 7321.93764622461 12594
390 83.8 8094.465419141102 8593.27448324919 58221.5390625 102.3818359375 7319.202587349341 13441
400 91.7 7544.802540287196 7842.527796741561 58221.5390625 102.3818359375 7364.700889264147 14279
410 89.7 7536.7734557357 7644.203542156524 62550.767822265625 102.3818359375 7375.569092343124 15196
420 96.5 7614.673509350712 7659.548287823957 62550.767822265625 102.3818359375 7384.5543849525275 16093
430 101.7 7950.761756199299 8045.966089166232 62550.767822265625 102.3818359375 7397.572614231708 17058
440 102.2 9095.451029738346 7667.95155279618 62550.767822265625 102.3818359375 7428.69811118225 18075
450 120.9 10359.022242644663 7292.206279236139 62550.767822265625 9.88818359375 7517.896492224525 19097
460 136 11560.332741591492 8191.608029776843 62550.767822265625 9.88818359375 7687.054427428797 20306
470 167.3 11007.697476931397 8519.658212985016 62550.767822265625 9.88818359375 7930.184608692586 21666
480 181.3 11121.360394923371 8688.680979802193 63263.593994140625 9.88818359375 8150.788706064518 23339
490 189.7 11114.513652441548 8895.47969572831 63263.593994140625 9.88818359375 8364.912691111476 25152
500 232.1 10597.567773479572 9204.157598745656 63263.593994140625 9.88818359375 8557.747658158063 27049
510 343.2 8330.82207106652 8172.138154927479 74281.51489257813 9.88818359375 8718.946925698452 29370
520 361.5 8773.726784421506 7972.676893257599 74281.51489257813 9.88818359375 8678.33828899652 32802
