0 12.053125 12.053125
10 26.16015625 38.21328125
20 35.7265625 73.93984375
30 41.80859375 115.7484375
40 83.490625 199.2390625
50 101.10078125 300.33984375
60 67.41875 367.75859375
70 170.0203125 537.77890625
80 171.28046875 709.059375
90 210.85703125 919.91640625
100 352.72578125 1272.6421875
110 377.15625 1649.7984375
120 387.47578125 2037.27421875
130 590.696875 2627.97109375
140 727.32578125 3355.296875
150 637.34296875 3992.63984375
160 851.353125 4843.99296875
170 855.14609375 5699.1390625
180 889.23671875 6588.37578125
190 1249.11953125 7837.4953125
200 1598.3828125 9435.878125
210 1792.27109375 11228.14921875
220 1833.5796875 13061.72890625
230 2240.71171875 15302.440625
240 2156.96875 17459.409375
250 2260.65078125 19720.06015625
260 2292.6140625 22012.67421875
270 2488.43984375 24501.1140625
280 2530.78828125 27031.90234375
290 2635.7640625 29667.66640625
300 3100.6859375 32768.35234375
310 2991.30703125 35759.659375
320 3158.75546875 38918.41484375
330 3084.875 42003.28984375
340 3415.66171875 45418.9515625
350 3374.66796875 48793.61953125
360 3572.65 52366.26953125
370 3772.49765625 56138.7671875
380 3725.56875 59864.3359375
390 3746.80234375 63611.13828125
400 4078.95546875 67690.09375
410 4212.4671875 71902.5609375
420 4404.5578125 76307.11875
430 4706.7671875 81013.8859375
440 5192.175 86206.0609375
450 5688.17734375 91894.23828125
460 5846.4640625 97740.70234375
470 7208.05546875 104948.7578125
480 7652.08984375 112600.84765625
490 7451.1953125 120052.04296875
500 9060.92265625 129112.965625
510 12642.9640625 141755.9296875
520 13098.77734375 154854.70703125
