0 93.77421875 93.77421875
10 204.734375 298.50859375
20 284.00234375 582.5109375
30 320.2421875 902.753125
40 645.71796875 1548.47109375
50 829.046875 2377.51796875
60 506.725 2884.24296875
70 1322.0390625 4206.28203125
80 1393.36171875 5599.64375
90 1632.60546875 7232.24921875
100 2748.4578125 9980.70703125
110 2884.85859375 12865.565625
120 3051.93515625 15917.50078125
130 4542.23671875 20459.7375
140 5699.8 26159.5375
150 4828.99765625 30988.53515625
160 6713.15078125 37701.6859375
170 6635.0203125 44336.70625
180 6905.7171875 51242.4234375
190 9550.09453125 60792.51796875
200 12499.20390625 73291.721875
210 13798.48984375 87090.21171875
220 14159.20546875 101249.4171875
230 17378.47265625 118627.88984375
240 16590.3625 135218.25234375
250 16973.54375 152191.79609375
260 17849.51015625 170041.30625
270 18924.1375 188965.44375
280 19279.28515625 208244.72890625
290 20254.1578125 228498.88671875
300 23924.80546875 252423.6921875
310 22444.49765625 274868.18984375
320 24063.38203125 298931.571875
330 23646.91015625 322578.48203125
340 26327.6109375 348906.09296875
350 25474.6234375 374380.71640625
360 27192.82578125 401573.5421875
370 28791.55546875 430365.09765625
380 28116.0515625 458481.14921875
390 28530.51796875 487011.6671875
400 31149.99921875 518161.66640625
410 32295.0328125 550456.69921875
420 33629.1 584085.79921875
430 35546.4828125 619632.28203125
440 37983.20859375 657615.490625
450 38396.325 696011.815625
460 38243.4390625 734255.2546875
470 38638.05234375 772893.30703125
480 39014.31875 811907.62578125
490 36035.0328125 847942.65859375
500 40331.971875 888274.63046875
510 40122.4546875 928397.08515625
520 40386.12578125 968783.2109375
