0 0.6 6
10 0.8 14
20 0.7 21
30 1.6 37
40 2.8 65
50 1.3 78
60 2.6 104
70 3.8 142
80 4.1 183
90 6.6 249
100 8.6 335
110 9.6 431
120 11.2 543
130 15.5 698
140 15.1 849
150 17.8 1027
160 19.5 1222
170 19.8 1420
180 21.7 1637
190 37.5 2012
200 39.8 2410
210 40.3 2813
220 46.2 3275
230 51.9 3794
240 47.8 4272
250 49.7 4769
260 59.3 5362
270 54 5902
280 60.5 6507
290 65.8 7165
300 74.2 7907
310 71 8617
320 65.7 9274
330 75.2 10026
340 79.5 10821
350 74.8 11569
360 82.2 12391
370 83 13221
380 86.7 14088
390 86.3 14951
400 97.1 15922
410 96.7 16889
420 101.1 17900
430 124.9 19149
440 143.3 20582
450 146.6 22048
460 148.8 23536
470 191.7 25453
480 195.1 27404
490 190.4 29308
500 312.6 32434
510 376.6 36200
520 383.1 40031
