0 4 5
10 5 8
20 6 8
30 13 13
40 18 21
50 10 21
60 21 21
70 26 30
80 31 39
90 51 52
100 54 66
110 65 66
120 85 88
130 104 110
140 109 129
150 133 144
160 138 146
170 151 154
180 165 166
190 254 255
200 285 286
210 305 310
220 363 367
230 389 395
240 387 402
250 368 418
260 461 461
270 444 461
280 432 474
290 495 514
300 533 564
310 558 564
320 497 576
330 567 584
340 604 625
350 602 625
360 633 641
370 627 672
380 647 702
390 672 702
400 726 745
410 796 803
420 842 849
430 1074 1081
440 1485 1489
450 1742 1743
460 1870 1872
470 2114 2153
480 2252 2258
490 2259 2282
500 3064 3071
510 3398 3417
520 3614 3618
