0 0.7 11.470458984375 25.06302071775477 72.860107421875 1.02587890625 0 0
10 0.9 1.209228515625 0.21255329560782657 72.860107421875 0.760986328125 11.470458984375 7
20 0.5 1.278125 0.2849528969773576 72.860107421875 0.760986328125 5.698516845703125 16
30 1.4 1.2064034598214286 0.23718678095550286 72.860107421875 0.760986328125 4.646042596726191 21
40 1.7 1.2207318474264706 0.23368555850374714 72.860107421875 0.760986328125 3.2701869419642855 35
50 2.1 1.2659505208333333 0.23135789852134547 72.860107421875 0.760986328125 2.6001727764423075 52
60 2.6 1.2532489483173077 0.42316157321116776 72.860107421875 0.760009765625 2.2163554152397262 73
70 4.3 1.1147971929505813 0.22020675231636727 72.860107421875 0.724853515625 1.9634183633207074 99
80 4.1 1.1565298685213414 0.22935625175853544 72.860107421875 0.718017578125 1.706441530039613 142
90 6 1.1132731119791666 0.2312697847454415 72.860107421875 0.700927734375 1.5832372780054644 183
100 7.6 1.0966700503700657 0.23327542563074163 72.860107421875 0.700927734375 1.4671967431841564 243
110 8.8 1.0984275124289766 0.23573481211083241 72.860107421875 0.697021484375 1.3789207912911443 319
120 11.1 1.1018990181587842 0.31994709160871676 72.860107421875 0.683837890625 1.3182735958614864 407
130 16.7 1.0671021238772465 0.21659346014303046 72.860107421875 0.683837890625 1.271907614925193 518
140 19.8 1.0867919921875007 0.24332953320396536 72.860107421875 0.680908203125 1.2219769331660588 685
150 14.3 1.0912078644012237 0.35215215467698746 72.860107421875 0.680908203125 1.1916636621425543 883
160 20.8 1.0822730431189893 0.28109234380089415 72.860107421875 0.672119140625 1.1776625129446885 1026
170 18.7 1.079874456885027 0.2295123213856526 72.860107421875 0.6640625 1.161583898905997 1234
180 19.7 1.0661844166402283 0.26165909089297007 72.860107421875 0.656982421875 1.1508311433409573 1421
190 36.3 1.050814878185263 0.24789697215529757 72.860107421875 0.64306640625 1.1405249596820923 1618
200 37.5 1.068580078125001 0.3246596227883089 72.860107421875 0.635009765625 1.1240864137036224 1981
210 38.4 1.0589752197265634 0.22896943259885869 72.860107421875 0.635009765625 1.1152515767588078 2356
220 43.8 1.084678336365582 0.26302515489594686 72.860107421875 0.635009765625 1.1073646712477196 2740
230 51 1.105171472886028 0.7552537092391076 72.860107421875 0.635009765625 1.1042379831802633 3178
240 45.6 1.0719631261992877 0.24579451986092107 72.860107421875 0.61279296875 1.1043670720495529 3688
250 49.1 1.0903912017884427 0.27683491622860007 72.860107421875 0.60400390625 1.1008013868884232 4144
260 56.4 1.1182735794824896 0.6367892541362213 72.860107421875 0.60400390625 1.0996986035261598 4635
270 58.2 1.0988488475891334 0.3283001249152905 72.860107421875 0.60400390625 1.1017136615064196 5199
280 56 1.0808707101004456 0.22797750941782013 72.860107421875 0.592041015625 1.1014252474431327 5781
290 63.6 1.1222864306947715 0.2414733278248312 72.860107421875 0.592041015625 1.0996099910305945 6341
300 72.2 1.0862002385950484 0.3687177175788525 72.860107421875 0.592041015625 1.1016770994764047 6977
310 71.9 1.0780886675286858 0.22225392561389143 72.860107421875 0.592041015625 1.1002257040281205 7699
320 70.5 1.0853924257535439 0.3550197736087577 72.860107421875 0.592041015625 1.098334930775199 8418
330 75.2 1.183694068421709 1.3576937804451386 72.860107421875 0.592041015625 1.0973347700780307 9123
