0 0.1 0.4166053526283671 0 0.4166053526283671 0.4166053526283671 0 0
10 0.1 0.2482005460412013 0.0 0.4166053526283671 0.2482005460412013 0.4166053526283671 1
20 0.1 0.19858508129576763 0.0 0.4166053526283671 0.19858508129576763 0.3324029493347842 2
30 0.1 0.14892032762472077 0.0 0.4166053526283671 0.14892032762472077 0.2877969933217787 3
40 0.1 0.19858508129576763 0.0 0.4166053526283671 0.14892032762472077 0.25307782689751424 4
50 0.1 0.24816974810770567 0.0 0.4166053526283671 0.14892032762472077 0.24217927777716491 5
60 0.1 0.22354694485842028 0.0 0.4166053526283671 0.14892032762472077 0.2431776894989217 6
70 0.1 0.3225806451612903 0.0 0.4166053526283671 0.14892032762472077 0.2403732974074215 7
80 0.1 0.4591710101762224 0.0 0.4591710101762224 0.14892032762472077 0.2506492158766551 8
90 0.1 0.44620723847297966 0.0 0.4591710101762224 0.14892032762472077 0.2738183041321626 9
100 0.1 0.5213505461767627 0.0 0.5213505461767627 0.14892032762472077 0.2910571975662443 10
110 0.1 2.4584057611124908 0.0 2.4584057611124908 0.14892032762472077 0.31199295653083686 11
120 0.1 2.157470551766894 0.0 2.4584057611124908 0.14892032762472077 0.4908606902459747 12
130 0.1 1.005711447727837 0.0 2.4584057611124908 0.14892032762472077 0.6190614488245069 13
140 0.1 1.404075546719682 0.0 2.4584057611124908 0.14892032762472077 0.6466793058890304 14
150 0.1 1.675977653631285 0.0 2.4584057611124908 0.14892032762472077 0.6971723886110739 15
160 0.1 1.1937329022631187 0.0 2.4584057611124908 0.14892032762472077 0.7583477176748371 16
170 0.1 1.8114143920595533 0.0 2.4584057611124908 0.14892032762472077 0.7839586108859125 17
180 0.1 1.749596724159325 0.0 2.4584057611124908 0.14892032762472077 0.8410394876177815 18
190 0.1 1.771555996035679 0.0 2.4584057611124908 0.14892032762472077 0.8888582895410206 19
200 0.1 2.609019754006709 0.0 2.609019754006709 0.14892032762472077 0.9329931748657536 20
210 0.1 2.3351136504782017 0.0 2.609019754006709 0.14892032762472077 1.0128039643486564 21
220 0.1 2.6054590570719602 0.0 2.609019754006709 0.14892032762472077 1.0729089500818176 22
230 0.1 2.703373015873016 0.0 2.703373015873016 0.14892032762472077 1.1395415634292152 23
240 0.1 2.7836460792842055 0.0 2.7836460792842055 0.14892032762472077 1.2047012072810401 24
250 0.1 2.64793635007459 0.0 2.7836460792842055 0.14892032762472077 1.2678590021611666 25
260 0.1 2.990816579796476 0.0 2.990816579796476 0.14892032762472077 1.3209389001578367 26
270 0.1 3.090480327665384 0.0 3.090480327665384 0.14892032762472077 1.3827862216259343 27
280 0.1 2.8855721393034823 0.0 3.090480327665384 0.14892032762472077 1.4437752968416289 28
290 0.1 2.689243027888446 0.0 3.090480327665384 0.14892032762472077 1.4934924293403136 29
300 0.1 3.185268134876198 0.0 3.185268134876198 0.14892032762472077 1.5333507826252513 30
310 0.1 3.247884519661523 0.0 3.247884519661523 0.14892032762472077 1.5866384391494752 31
320 0.1 3.129675810473816 0.0 3.247884519661523 0.14892032762472077 1.6385523791654768 32
330 0.1 4.153155400349214 0.0 4.153155400349214 0.14892032762472077 1.683737937689972 33
