0 0.1 29458.20703125 0 29458.20703125 29458.20703125 0 0
10 0.1 29458.8125 0.0 29458.8125 29458.20703125 29458.20703125 1
20 0.1 29456.6875 0.0 29458.8125 29456.6875 29458.509765625 2
30 0.1 29456.4765625 0.0 29458.8125 29456.4765625 29457.90234375 3
40 0.1 29455.90625 0.0 29458.8125 29455.90625 29457.5458984375 4
50 0.1 29455.3046875 0.0 29458.8125 29455.3046875 29457.21796875 5
60 0.1 29453.8515625 0.0 29458.8125 29453.8515625 29456.899088541668 6
70 0.1 29451.23046875 0.0 29458.8125 29451.23046875 29456.463727678572 7
80 0.1 29448.7421875 0.0 29458.8125 29448.7421875 29455.8095703125 8
90 0.1 29446.4375 0.0 29458.8125 29446.4375 29455.024305555555 9
100 0.1 29449.25390625 0.0 29458.8125 29446.4375 29454.165625 10
110 0.1 29439.8671875 0.0 29458.8125 29439.8671875 29453.719105113636 11
120 0.1 29439.70703125 0.0 29458.8125 29439.70703125 29452.564778645832 12
130 0.1 29432.0703125 0.0 29458.8125 29432.0703125 29451.575721153848 13
140 0.1 29425.51171875 0.0 29458.8125 29425.51171875 29450.182477678572 14
150 0.1 29415.8359375 0.0 29458.8125 29415.8359375 29448.537760416668 15
160 0.1 29414.90234375 0.0 29458.8125 29414.90234375 29446.493896484375 16
170 0.1 29415.56640625 0.0 29458.8125 29414.90234375 29444.63556985294 17
180 0.1 29407.05078125 0.0 29458.8125 29407.05078125 29443.020616319445 18
190 0.1 29402.33984375 0.0 29458.8125 29402.33984375 29441.127467105263 19
200 0.1 29378.15234375 0.0 29458.8125 29378.15234375 29439.1880859375 20
210 0.1 29349.27734375 0.0 29458.8125 29349.27734375 29436.28162202381 21
220 0.1 29324.1171875 0.0 29458.8125 29324.1171875 29432.326882102272 22
230 0.1 29291.7890625 0.0 29458.8125 29291.7890625 29427.62211277174 23
240 0.1 29260.2265625 0.0 29458.8125 29260.2265625 29421.96240234375 24
250 0.1 29228.73828125 0.0 29458.8125 29228.73828125 29415.49296875 25
260 0.1 29197.5390625 0.0 29458.8125 29197.5390625 29408.310096153848 26
270 0.1 29161.265625 0.0 29458.8125 29161.265625 29400.503761574073 27
280 0.1 29122.32421875 0.0 29458.8125 29122.32421875 29391.959542410714 28
290 0.1 29086.02734375 0.0 29458.8125 29086.02734375 29382.66177262931 29
300 0.1 29043.3671875 0.0 29458.8125 29043.3671875 29372.773958333335 30
310 0.1 28993.23828125 0.0 29458.8125 28993.23828125 29362.147933467742 31
320 0.1 28943.421875 0.0 29458.8125 28943.421875 29350.619506835938 32
330 0.1 28897.87109375 0.0 29458.8125 28897.87109375 29338.280184659092 33
