0 0.1 0.05078125 0 0.05078125 0.05078125 0 0
10 0.1 0.0390625 0.0 0.05078125 0.0390625 0.05078125 1
20 0.1 0.0390625 0.0 0.05078125 0.0390625 0.044921875 2
30 0.1 0.03125 0.0 0.05078125 0.03125 0.04296875 3
40 0.1 0.03125 0.0 0.05078125 0.03125 0.0400390625 4
50 0.1 0.01953125 0.0 0.05078125 0.01953125 0.03828125 5
60 0.1 0.01953125 0.0 0.05078125 0.01953125 0.03515625 6
70 0.1 0.01953125 0.0 0.05078125 0.01953125 0.032924107142857144 7
80 0.1 0.01171875 0.0 0.05078125 0.01171875 0.03125 8
90 0.1 0.01171875 0.0 0.05078125 0.01171875 0.029079861111111112 9
100 0.1 0.01171875 0.0 0.05078125 0.01171875 0.02734375 10
110 0.1 0.01171875 0.0 0.05078125 0.01171875 0.025923295454545456 11
120 0.1 0.01171875 0.0 0.05078125 0.01171875 0.024739583333333332 12
130 0.1 0.01171875 0.0 0.05078125 0.01171875 0.023737980769230768 13
140 0.1 0.078125 0.0 0.078125 0.01171875 0.022879464285714284 14
150 0.1 0.0703125 0.0 0.078125 0.01171875 0.0265625 15
160 0.1 0.12890625 0.0 0.12890625 0.01171875 0.029296875 16
170 0.1 0.109375 0.0 0.12890625 0.01171875 0.03515625 17
180 0.1 0.08984375 0.0 0.12890625 0.01171875 0.03927951388888889 18
190 0.1 0.078125 0.0 0.12890625 0.01171875 0.04194078947368421 19
200 0.1 0.0703125 0.0 0.12890625 0.01171875 0.04375 20
210 0.1 0.05859375 0.0 0.12890625 0.01171875 0.04501488095238095 21
220 0.1 0.05078125 0.0 0.12890625 0.01171875 0.04563210227272727 22
230 0.1 0.0390625 0.0 0.12890625 0.01171875 0.04585597826086957 23
240 0.1 0.03125 0.0 0.12890625 0.01171875 0.045572916666666664 24
250 0.1 0.03125 0.0 0.12890625 0.01171875 0.045 25
260 0.1 0.1015625 0.0 0.12890625 0.01171875 0.04447115384615385 26
270 0.1 0.078125 0.0 0.12890625 0.01171875 0.04658564814814815 27
280 0.1 0.0703125 0.0 0.12890625 0.01171875 0.04771205357142857 28
290 0.1 0.05859375 0.0 0.12890625 0.01171875 0.04849137931034483 29
300 0.1 0.12109375 0.0 0.12890625 0.01171875 0.048828125 30
310 0.1 0.1015625 0.0 0.12890625 0.01171875 0.05115927419354839 31
320 0.1 0.16015625 0.0 0.16015625 0.01171875 0.052734375 32
330 0.1 0.140625 0.0 0.16015625 0.01171875 0.055989583333333336 33
