0 1.1 280.383544921875 170.3337983486436 461.791015625 48.845947265625 0 0
10 2.9 137.96510472790948 183.61098474243127 593.8349609375 11.136962890625 280.383544921875 11
20 4.8 162.58330790201822 185.084457525379 593.8349609375 10.385986328125 177.13017578125 40
30 5.9 106.35275009931144 155.41099488702932 593.8349609375 9.1611328125 169.1955205743963 88
40 7.9 107.23240024228639 175.49686265718856 1020.887939453125 8.340087890625 143.97291201636904 147
50 11.4 158.1977667557565 206.55287353732078 1020.887939453125 8.340087890625 131.12998975905697 226
60 11.5 119.57337805706521 173.07529439474902 1020.887939453125 8.298095703125 140.20565616383269 340
70 21.2 118.35750709389738 165.37629070215456 1020.887939453125 7.948974609375 134.9909045544299 455
80 20.1 120.9599512204602 175.6597655229629 1020.887939453125 7.948974609375 129.70412755048253 667
90 28.6 120.86950171410618 188.51462380312913 1020.887939453125 7.65185546875 127.67926644180224 868
100 37.1 120.40975022637296 178.5812118891019 1020.887939453125 7.65185546875 125.99157778311847 1154
110 43.1 115.53528710031179 186.0555062579284 1068.086181640625 7.65185546875 124.63363809554302 1525
120 50.5 102.96583723313738 166.08646471083247 1068.086181640625 7.43896484375 122.62883785068378 1956
130 76.8 128.30673535664894 217.84727007516364 1330.970947265625 7.43896484375 118.59396775240629 2461
140 99.8 177.75092249929543 310.5389935626047 1556.448974609375 7.43896484375 120.90409643622739 3229
150 76.3 185.60460865825678 342.28887240386786 1733.36181640625 7.43896484375 134.32570334678854 4227
160 97.8 128.12792544374645 229.0929513694537 1733.36181640625 7.191162109375 142.16654598259018 4990
170 95.8 358.8520586814163 861.6928486286082 4715.61083984375 7.191162109375 139.8659811556818 5968
180 94.5 825.664762369792 1816.3916015325765 7765.197998046875 7.191162109375 170.1559988094002 6926
190 131.2 607.6239320708462 1651.2540000828594 8600.7099609375 7.191162109375 248.85702556134663 7871
200 109.4 1158.3421916508375 2801.833093400634 15331.84912109375 7.191162109375 300.11502200482516 9183
210 117.3 3252.9705314148396 5161.5702473683905 21750.9150390625 5.036865234375 391.4744190655178 10277
220 113.2 4884.809061326744 6892.13836276173 26972.64892578125 5.036865234375 684.6215753786842 11450
230 131.8 5329.867401632446 7522.618610094114 30509.177978515625 5.036865234375 1062.5115955736615 12582
240 123.9 6533.923797385743 8434.052861959852 36557.616943359375 4.97607421875 1467.142887112185 13900
250 135.8 7788.395460530478 9612.924745448143 44162.827880859375 4.97607421875 1881.8163495488675 15139
260 128 8888.392126083389 11541.33628775583 55866.64892578125 4.97607421875 2368.0341123368307 16497
270 124 9442.152136033577 13188.715913241023 59859.72802734375 4.97607421875 2837.5204293529523 17777
280 135.3 11597.912601084683 15296.832593463403 67186.79614257813 4.97607421875 3268.1742294415035 19017
290 124 13054.06499003748 17662.382432261187 67186.79614257813 4.97607421875 3821.4455115639 20370
300 135.4 15174.02057254402 20063.06134372381 67186.79614257813 4.97607421875 4351.220992975618 21610
310 148.3 15794.084817054216 21485.038415184117 73973.55590820313 4.97607421875 4989.353314467327 22964
320 149.7 18323.52047177029 23748.05910486067 74617.56909179688 4.97607421875 5644.7882070241385 24447
330 139.4 23011.41858523139 25873.854461001858 79502.98193359375 4.97607421875 6376.366306019088 25944
