10 0.1 69 0 69 69 0 0
20 0.1 332.0 0.0 332 69 69.0 1
30 0.1 357.0 0.0 357 69 200.5 2
40 0.1 441.0 0.0 441 69 252.66666666666666 3
50 0.1 623.0 0.0 623 69 299.75 4
60 0.1 1020.0 0.0 1020 69 364.4 5
70 0.1 999.0 0.0 1020 69 473.6666666666667 6
80 0.1 1636.0 0.0 1636 69 548.7142857142857 7
90 0.1 1670.0 0.0 1670 69 684.625 8
100 0.1 2399.0 0.0 2399 69 794.1111111111111 9
110 0.1 3056.0 0.0 3056 69 954.6 10
120 0.1 4104.0 0.0 4104 69 1145.6363636363637 11
130 0.1 4096.0 0.0 4104 69 1392.1666666666667 12
140 0.1 6288.0 0.0 6288 69 1600.1538461538462 13
150 0.1 7854.0 0.0 7854 69 1935.0 14
160 0.1 6205.0 0.0 7854 69 2329.6 15
170 0.1 7629.0 0.0 7854 69 2571.8125 16
180 0.1 7369.0 0.0 7854 69 2869.294117647059 17
190 0.1 7965.0 0.0 7965 69 3119.277777777778 18
200 0.1 9732.0 0.0 9732 69 3374.315789473684 19
210 0.1 8078.0 0.0 9732 69 3692.2 20
220 0.1 9117.0 0.0 9732 69 3901.0476190476193 21
230 0.1 10299.0 0.0 10299 69 4138.136363636364 22
240 0.1 9957.0 0.0 10299 69 4406.0 23
250 0.1 10311.0 0.0 10311 69 4637.291666666667 24
260 0.1 10317.0 0.0 10317 69 4864.24 25
270 0.1 10490.0 0.0 10490 69 5073.961538461538 26
280 0.1 10757.0 0.0 10757 69 5274.555555555556 27
290 0.1 9803.0 0.0 10757 69 5470.357142857143 28
300 0.1 11019.0 0.0 11019 69 5619.758620689655 29
310 0.1 11010.0 0.0 11019 69 5799.733333333334 30
320 0.1 10594.0 0.0 11019 69 5967.806451612903 31
330 0.1 10777.0 0.0 11019 69 6112.375 32
