0 1.1 280.383544921875 170.3337983486436 461.791015625 48.845947265625 0 0
10 3.6 111.12500000000001 168.25149199212328 593.8349609375 8.788818359375 280.383544921875 11
20 5.8 134.54152495285558 173.60590940583913 593.8349609375 8.788818359375 150.73870200299203 47
30 6.7 93.6471293435168 145.48048293105032 593.8349609375 8.788818359375 141.79168991815476 105
40 9.7 87.3234989126933 154.76247341844004 1020.887939453125 8.340087890625 123.03770411291788 172
50 14.5 124.36285863415948 189.0388233393055 1020.887939453125 7.56201171875 110.1593475909038 269
60 14.2 97.46923312334947 158.72271735110886 1020.887939453125 7.52294921875 115.1340072558122 414
70 24.6 101.62033850196903 150.31207679791515 1020.887939453125 7.52294921875 110.62250019320481 556
80 23.8 102.1461314994748 162.32670614034146 1020.887939453125 7.52294921875 107.86123862706515 802
90 35.4 99.09705072607696 163.55906217122086 1020.887939453125 7.52294921875 106.55335834209735 1040
100 46 95.98108918563173 156.74149481364665 1020.887939453125 7.44189453125 104.65986272081241 1394
110 51.6 96.67588155583817 166.3403276261331 1068.086181640625 7.41796875 102.50655321370178 1854
120 58.2 89.25327198775771 150.1377112638588 1068.086181640625 7.41796875 101.23709052363527 2370
130 93.2 105.98543695932806 195.91712700381763 1330.970947265625 7.41796875 98.87442711310656 2952
140 118.7 149.3436706080192 279.47829389232714 1457.52294921875 7.41796875 100.58077654067567 3884
150 91.1 155.23983051119993 312.6600989033044 1733.36181640625 7.41796875 111.99500554046601 5071
160 115 109.13359205163042 206.95855427185768 1733.36181640625 7.191162109375 118.5807687548322 5982
170 112.9 306.1827214175985 793.8340649232492 4715.61083984375 7.191162109375 117.05745787307644 7132
180 113.4 688.3976757984733 1676.9013301231612 7765.197998046875 7.191162109375 142.90450091166323 8261
190 151.6 528.4832494730697 1539.5950282821118 8600.7099609375 7.191162109375 208.74689157921435 9395
200 123.2 1048.059040020038 2652.0525040307944 15331.84912109375 7.191162109375 253.1718130866 10911
210 138.6 2809.7710027873613 4841.3986670875165 21750.9150390625 5.036865234375 333.8191871771868 12143
220 137.7 4102.4681822888315 6434.003511918374 26972.64892578125 5.036865234375 587.4720230435258 13529
230 155.6 4528.125817149345 6994.634640922643 30509.177978515625 5.036865234375 912.1835292343742 14906
240 147.7 5642.137726387952 8006.971940657611 36557.616943359375 4.97607421875 1253.9649774178083 16462
250 158.9 6647.197491789253 9082.754958063151 44162.827880859375 4.97607421875 1615.2633301815579 17939
260 152.9 7622.851617427649 10925.320254376702 55866.64892578125 4.97607421875 2024.7135238928765 19528
270 146.3 7925.2278376049335 12380.837771966315 59859.72802734375 4.97607421875 2431.2079506875134 21057
280 159.3 9883.39103021519 14436.282430151085 59994.4951171875 4.97607421875 2788.1240738917845 22520
290 147.4 11129.17687574203 16657.34715007064 59994.4951171875 4.962158203125 3256.86542757748 24113
300 161.5 12972.392153033084 19219.389111866087 59994.4951171875 4.962158203125 3710.3686547863967 25587
310 171 13865.421950669324 20551.589023088018 59997.89599609375 4.962158203125 4260.260866743914 27202
320 170.9 16328.949327749024 22946.28291876705 59997.89599609375 4.614990234375 4828.358039319746 28912
330 159.5 20558.14745527401 25351.932377051464 59997.89599609375 4.614990234375 5470.221809670997 30621
