10 0.1 62 0 62 62 0 0
20 0.1 214.0 0.0 214 62 62.0 1
30 0.1 209.0 0.0 214 62 138.0 2
40 0.1 301.0 0.0 301 62 161.66666666666666 3
50 0.1 399.0 0.0 399 62 196.5 4
60 0.1 630.0 0.0 630 62 237.0 5
70 0.1 684.0 0.0 684 62 302.5 6
80 0.1 1088.0 0.0 1088 62 357.0 7
90 0.1 1103.0 0.0 1103 62 448.375 8
100 0.1 1589.0 0.0 1589 62 521.1111111111111 9
110 0.1 2177.0 0.0 2177 62 627.9 10
120 0.1 2841.0 0.0 2841 62 768.7272727272727 11
130 0.1 2888.0 0.0 2888 62 941.4166666666666 12
140 0.1 4352.0 0.0 4352 62 1091.1538461538462 13
150 0.1 5349.0 0.0 5349 62 1324.0714285714287 14
160 0.1 4183.0 0.0 5349 62 1592.4 15
170 0.1 5406.0 0.0 5406 62 1754.3125 16
180 0.1 4984.0 0.0 5406 62 1969.1176470588234 17
190 0.1 5259.0 0.0 5406 62 2136.6111111111113 18
200 0.1 7356.0 0.0 7356 62 2300.9473684210525 19
210 0.1 6103.0 0.0 7356 62 2553.7 20
220 0.1 6667.0 0.0 7356 62 2722.714285714286 21
230 0.1 7441.0 0.0 7441 62 2902.0 22
240 0.1 7534.0 0.0 7534 62 3099.3478260869565 23
250 0.1 7510.0 0.0 7534 62 3284.125 24
260 0.1 7684.0 0.0 7684 62 3453.16 25
270 0.1 8015.0 0.0 8015 62 3615.8846153846152 26
280 0.1 8142.0 0.0 8142 62 3778.814814814815 27
290 0.1 7543.0 0.0 8142 62 3934.6428571428573 28
300 0.1 8523.0 0.0 8523 62 4059.0689655172414 29
310 0.1 8890.0 0.0 8890 62 4207.866666666667 30
320 0.1 8595.0 0.0 8890 62 4358.903225806452 31
330 0.1 8736.0 0.0 8890 62 4491.28125 32
