0 0.2 1326.8546142578125 720.1444091796875 2046.9990234375 606.710205078125 0 0
10 0.7 3775.40771484375 2454.523602743865 7039.445068359375 606.710205078125 1326.8546142578125 2
20 0.7 6659.244419642857 6025.34301077583 18437.85302734375 606.710205078125 3231.2848036024307 9
30 0.9 7727.950873480902 6739.461764594692 23877.1328125 606.710205078125 4731.017135620117 16
40 1.5 5949.981656901042 6761.584904394246 27302.644775390625 606.710205078125 5809.91328125 25
50 2.1 5630.148135230655 3974.719589131533 27302.644775390625 424.469970703125 5862.43892211914 40
60 1.9 7206.189915707237 6395.432517439242 27302.644775390625 424.469970703125 5782.469962698515 61
70 3.9 5987.353340344552 5984.2626574817505 37282.802978515625 189.494873046875 6120.603451538086 80
80 3.4 7361.890222886031 7291.42510357345 37282.802978515625 189.494873046875 6076.93324702928 119
90 4.7 6517.689769988365 6466.038387036054 37282.802978515625 189.494873046875 6362.479241664114 153
100 7.5 5348.6335286458325 5722.012547734501 37282.802978515625 189.494873046875 6398.953715820313 200
110 7.1 5929.032364106514 4542.506736394185 37282.802978515625 189.494873046875 6112.502755681819 275
120 7.9 7671.452849955498 7510.065903344247 37937.111083984375 119.367919921875 6074.854207121568 346
130 13.6 5908.177217371323 5254.013347995135 37937.111083984375 119.367919921875 6371.633719554228 425
140 18.2 7473.657320462742 7759.356874211638 46601.89794921875 119.367919921875 6259.280628115948 561
150 13.8 8405.604656717049 7266.781022514446 46601.89794921875 119.367919921875 6556.745712916912 743
160 18.3 7405.5609070824785 7694.7706352086925 46601.89794921875 119.367919921875 6846.351313648375 881
170 15.7 9303.807754030657 7852.09579895837 46601.89794921875 119.367919921875 6942.531159135632 1064
180 16.9 10618.483534231695 7391.837545535185 46601.89794921875 119.367919921875 7246.15149115735 1221
190 19.5 10757.828730969555 10225.913283594205 50812.9130859375 119.367919921875 7656.168840279339 1390
200 15 11157.131367187509 9130.440826287058 50812.9130859375 119.367919921875 8037.761066578766 1585
210 18.4 15750.791722836702 10443.529161555687 73562.13305664063 119.367919921875 8307.447259714969 1735
220 18.4 22029.534122632907 9758.26698158187 73562.13305664063 119.367919921875 9021.139485465046 1919
230 18.8 24240.704045721814 12788.002244827068 73562.13305664063 119.367919921875 10159.296695754576 2103
240 20.9 28025.504923697303 12611.781108345043 73562.13305664063 119.367919921875 11314.820301950056 2291
250 22.8 30311.812689530223 14566.775572781344 79261.28491210938 119.367919921875 12711.833536328126 2500
260 20.5 33310.114038681364 17025.873837106225 79261.28491210938 119.367919921875 14182.799535935925 2728
270 18.2 36261.24484085252 19935.38029298564 90441.05395507813 119.367919921875 15519.689912022804 2933
280 16.2 41009.94489354263 20148.200534458323 101598.0322265625 119.367919921875 16731.556042696 3115
290 18.5 45327.13570787583 23043.711826864615 112085.02197265625 119.367919921875 17931.769345667362 3277
300 20.3 46265.870687249866 24781.533315334647 112085.02197265625 119.367919921875 19395.704289921712 3462
310 17.7 51838.69151245807 26189.58804653713 119502.73510742188 119.367919921875 20884.010914384908 3665
320 19.5 59046.6301557492 31912.268775358876 135289.837890625 119.367919921875 22310.085476034816 3842
330 16.4 67989.57775134576 35197.81284737978 146814.96606445313 119.367919921875 24084.577973568703 4037
