0 35.1125 35.1125
10 181.08046875 216.19296875
20 365.9375 582.13046875
30 369.78828125 951.91875
40 504.89140625 1456.81015625
50 886.16640625 2342.9765625
60 754.296875 3097.2734375
70 1354.46484375 4451.73828125
80 1343.28046875 5795.01875
90 1995.99765625 7791.01640625
100 2457.12734375 10248.14375
110 2837.0296875 13085.1734375
120 3251.68359375 16336.85703125
130 5069.36328125 21406.2203125
140 6612.0890625 28018.309375
150 5220.26328125 33238.57265625
160 6065.3359375 39303.90859375
170 6068.0390625 45371.94765625
180 6387.02734375 51758.975
190 7366.51640625 59125.49140625
200 6051.43359375 65176.925
210 6774.453125 71951.378125
220 6758.10390625 78709.48203125
230 7512.98984375 86222.471875
240 7007.8609375 93230.3328125
250 7594.1421875 100824.475
260 7204.1796875 108028.6546875
270 6860.3109375 114888.965625
280 7572.45546875 122461.42109375
290 6721.52890625 129182.95
300 6946.21328125 136129.16328125
310 7318.15703125 143447.3203125
320 6979.99453125 150427.31484375
330 5985.69921875 156413.0140625
