0 4.075 4.075
10 23.72578125 27.80078125
20 42.6390625 70.43984375
30 46.54453125 116.984375
40 65.8140625 182.7984375
50 103.26953125 286.06796875
60 96.8875 382.95546875
70 168.95546875 551.9109375
80 165.084375 716.9953125
90 246.94765625 963.94296875
100 313.6890625 1277.63203125
110 355.015625 1632.64765625
120 390.059375 2022.70703125
130 642.04296875 2664.75
140 815.10078125 3479.85078125
150 631.70859375 4111.559375
160 790.45625 4902.015625
170 820.39765625 5722.41328125
180 783.165625 6505.57890625
190 1035.25859375 7540.8375
200 910.8171875 8451.6546875
210 992.5703125 9444.225
220 945.33046875 10389.55546875
230 1142.41015625 11531.965625
240 1051.91953125 12583.88515625
250 1072.3796875 13656.26484375
260 1100.365625 14756.63046875
270 1069.11328125 15825.74375
280 1177.90859375 17003.65234375
290 1069.7625 18073.41484375
300 1111.9578125 19185.37265625
310 1242.253125 20427.62578125
320 1203.440625 21631.06640625
330 1132.70703125 22763.7734375
