0 4 40
10 4.2 82
20 4 122
30 7.5 197
40 12.9 326
50 14.9 475
60 12.7 602
70 17.6 778
80 22 998
90 28 1278
100 44.5 1723
110 48.6 2209
120 65 2859
130 83 3689
140 100.4 4693
150 90.5 5598
160 111.4 6712
170 107.8 7790
180 121 9000
190 177.3 10773
200 219.7 12970
210 224 15210
220 239.4 17604
230 279.9 20403
240 278 23183
250 289.9 26082
260 320.1 29283
270 353.1 32814
280 356.5 36379
290 351.9 39898
300 384.1 43739
310 395 47689
320 403.8 51727
330 416.4 55891
340 429.9 60190
350 439.5 64585
360 439.7 68982
370 482.9 73811
380 505.4 78865
390 495.1 83816
400 531.5 89131
410 526.9 94400
420 540.6 99806
430 567.6 105482
440 552.4 111006
450 556.3 116569
460 545 122019
470 570 127719
480 555 133269
490 518.8 138457
500 622.2 144679
510 574.7 150426
520 551.9 155945
530 520.1 161146
540 398.3 165129
550 218.1 167310
560 23.2 167542
570 2.2 167564
580 0.2 167566
590 0 167566
592 0 167566
