0 0.8 8
10 2.4 32
20 1.5 47
30 2.1 68
40 4 108
50 7.5 183
60 4.3 226
70 6.6 292
80 8.7 379
90 9.7 476
100 14.3 619
110 20.8 827
120 22.8 1055
130 32.4 1379
140 40.4 1783
150 39.5 2178
160 43.6 2614
170 45.5 3069
180 46.5 3534
190 59.2 4126
200 79.7 4923
210 95.5 5878
220 93.9 6817
230 109.9 7916
240 113.8 9054
250 123.9 10293
260 130.9 11602
270 142.4 13026
280 158.2 14608
290 146.9 16077
300 153.7 17614
310 165.3 19267
320 172.9 20996
330 174.6 22742
340 181.5 24557
350 181 26367
360 185.7 28224
370 191.5 30139
380 206.8 32207
390 206.1 34268
400 222.1 36489
410 218.4 38673
420 215.1 40824
430 220 43024
440 207.7 45101
450 269.7 47798
460 317.1 50969
470 328.5 54254
480 336.8 57622
490 360.2 61224
500 351.5 64739
510 396.6 68705
520 451 73215
530 501.6 78231
540 630.6 84537
550 503.8 89575
560 103.7 90612
570 16.4 90776
580 2.6 90802
590 0.4 90806
592 0.1 90807
