0 1.1 9.035000887784092 20.67086617531643 73.546875 0.989013671875 0 0
10 0.5 1.425439453125 0.26110428830514804 73.546875 0.989013671875 9.035000887784092 11
20 0.9 1.4588758680555556 0.26438479924938313 73.546875 0.989013671875 6.657012939453126 16
30 2.1 1.3897530691964286 0.2936156727290916 73.546875 0.958984375 4.785683593750001 25
40 2.6 1.3955359825721154 0.2557469686273155 73.546875 0.958984375 3.2353674847146747 46
50 1.6 1.3923492431640625 0.25602846846131144 73.546875 0.9580078125 2.5709838867187504 72
60 3.5 1.5587960379464285 0.6002593396361647 73.546875 0.9580078125 2.3566866787997163 88
70 3.2 1.3980178833007813 0.27862983514292555 73.546875 0.919921875 2.1296446265243905 123
80 3.5 1.408021763392857 0.2656878635348572 73.546875 0.919921875 1.9785991053427419 155
90 6.8 1.4042322495404411 0.27524787859657573 73.546875 0.787109375 1.8734927528782894 190
100 9.7 1.3262423485824746 0.27900624017498593 73.546875 0.694091796875 1.7498116899830427 258
110 7.7 1.3373230773133118 0.2702680051911641 73.546875 0.694091796875 1.6340758417693662 355
120 15 1.3585791015624997 0.3437023654994154 73.546875 0.694091796875 1.5811824092158564 432
130 15.5 1.3422457787298385 0.2825516002407381 73.546875 0.694091796875 1.5238104227072595 582
140 15.4 1.3321121017654227 0.2871021722532552 73.546875 0.694091796875 1.4856251855071234 737
150 18.1 1.4116156983770718 0.4043285552483607 73.546875 0.694091796875 1.459092059922138 891
160 19.8 1.3628250276199487 0.26637890392457253 73.546875 0.694091796875 1.4510759951463386 1072
170 17.5 1.334563337053571 0.27191012855996877 73.546875 0.694091796875 1.4373171828863187 1270
180 25.9 1.3310094413610043 0.40348271567416877 73.546875 0.694091796875 1.4248729455017297 1445
190 38.5 1.3074770444399362 0.3663699431887572 73.546875 0.694091796875 1.4106061335460678 1704
200 39.6 1.3143384528882585 0.2642182684218492 73.546875 0.691162109375 1.391599575716551 2089
210 38.2 1.3113202000163622 0.2674455532676312 73.546875 0.68798828125 1.3792875416561874 2485
220 45.8 1.301972634927675 0.3755766521659056 73.546875 0.68017578125 1.3702315512458583 2867
230 52.7 1.3156409363140404 0.5660346366785837 73.546875 0.68017578125 1.3608292704417295 3325
240 47.9 1.3057700776356989 0.32317012474507734 73.546875 0.68017578125 1.3546469620083723 3852
250 48.6 1.3490593050733024 0.5761188985732575 73.546875 0.68017578125 1.3492412756508312 4331
260 61.5 1.2875520039380073 0.2659726479881004 73.546875 0.68017578125 1.3492229161530775 4817
270 61.6 1.3225145216112018 0.5551040688818973 73.546875 0.64697265625 1.3422406608120854 5432
280 57.3 1.3301066719840766 0.31729721263537025 73.546875 0.64697265625 1.340231517004588 6048
290 65.8 1.3139900740881465 0.3177998874924562 73.546875 0.64697265625 1.3393552843816077 6621
300 71.6 1.3046987522913747 0.3121633724456075 73.546875 0.64697265625 1.3370623446408332 7279
310 68.6 1.2856078745672366 0.31634126997453943 73.546875 0.64697265625 1.3341639916549406 7995
320 66.3 1.2925143464837845 0.31830131506513615 73.546875 0.64697265625 1.3303269341359722 8681
330 75 1.3056018880208324 0.6066001689860521 73.546875 0.64697265625 1.3276439562235793 9344
340 75.3 1.2977662916044141 0.5290120538640385 73.546875 0.64697265625 1.3260061960539677 10094
350 79.1 1.3879085883177948 0.9800393143197539 73.546875 0.64697265625 1.3240457786067 10847
360 80.5 1.3427503881987572 0.7594960008890179 73.546875 0.64697265625 1.3283863424906555 11638
370 86.8 1.2980307302167329 0.29649054655468016 73.546875 0.64697265625 1.3293156245604956 12443
380 91.7 1.2723094478428318 0.29001864164604974 73.546875 0.64697265625 1.3272755608319715 13311
390 89.9 1.28816279155659 0.3905227532334766 73.546875 0.64697265625 1.3237329739883503 14228
400 92.2 1.3177564376864144 0.7645822719876127 73.546875 0.64697265625 1.3216190324264974 15127
410 97 1.2942214179284812 0.31939710653382386 73.546875 0.64697265625 1.32139712998084 16049
420 96.7 1.3392683658382876 0.9654375675450796 73.546875 0.6298828125 1.3198482469271475 17019
430 137.1 1.2525746062408851 0.2846175901766374 73.546875 0.6298828125 1.320892350951782 17986
440 146.7 1.261512886364605 0.4136434650054404 73.546875 0.6298828125 1.3160536038319472 19357
450 147 1.2907958984374976 0.5299883837350152 73.546875 0.6298828125 1.3122113433380656 20824
460 164.9 1.3268795718996367 0.9566124336283001 73.546875 0.6298828125 1.3107992726462276 22294
470 187.4 1.240334558639609 0.33079973034361 73.546875 0.6298828125 1.3119067534743976 23943
480 192.5 1.2226140168425315 0.2746456635166969 73.546875 0.6298828125 1.306711483182714 25817
490 179.3 1.2496580941944357 0.28874350546229616 73.546875 0.6298828125 1.300876012679331 27742
500 347.8 1.225492436835109 0.4360745190056278 73.546875 0.627197265625 1.2977666939780135 29535
510 395.1 1.1914618628986324 0.2696300343740719 73.546875 0.595947265625 1.290152424861513 33013
520 388.5 1.2217168270390948 0.3714907374668832 73.546875 0.595947265625 1.2796036095191436 36964
530 284.5 1.2233345232864676 0.41036419684023645 73.546875 0.595947265625 1.2740982079197167 40849
540 0 0 0 73.546875 0.595947265625 1.2707928872170666 43694
550 0 0 0 73.546875 0.595947265625 1.2707928872170666 43694
560 0 0 0 73.546875 0.595947265625 1.2707928872170666 43694
570 0 0 0 73.546875 0.595947265625 1.2707928872170666 43694
580 0 0 0 73.546875 0.595947265625 1.2707928872170666 43694
590 0 0 0 73.546875 0.595947265625 1.2707928872170666 43694
592 0 0 0 73.546875 0.595947265625 1.2707928872170666 43694
