0 9 9
10 8 -1
20 8 0
30 24 16
40 37 13
50 26 -11
60 41 15
70 52 11
80 60 8
90 85 25
100 130 45
110 137 7
120 208 71
130 238 30
140 238 0
150 263 25
160 293 30
170 278 -15
180 348 70
190 489 141
200 582 93
210 573 -9
220 678 105
230 781 103
240 800 19
250 814 14
260 918 104
270 969 51
280 916 -53
290 980 64
300 1056 76
310 1085 29
320 1101 16
330 1122 21
340 1161 39
350 1230 69
360 1247 17
370 1362 115
380 1490 128
390 1556 66
400 1569 13
410 1677 108
420 1772 95
430 2234 462
440 2725 491
450 3019 294
460 3243 224
470 3491 248
480 3676 185
490 3716 40
500 5175 1459
510 6262 1087
520 6678 416
530 5762 -916
540 3014 -2748
550 897 -2117
560 175 -722
570 29 -146
580 5 -24
590 1 -4
592 0 -1
