0 0.1 0.0726961205025934 0 0.0726961205025934 0.0726961205025934 0 0
10 0.1 0.2731561956791656 0.0 0.2731561956791656 0.0726961205025934 0.0726961205025934 1
20 0.1 0.23579051873914122 0.0 0.2731561956791656 0.0726961205025934 0.1729261580908795 2
30 0.1 0.19865905140302956 0.0 0.2731561956791656 0.0726961205025934 0.1938809449736334 3
40 0.1 0.2731561956791656 0.0 0.2731561956791656 0.0726961205025934 0.19507547158098243 4
50 0.1 0.37257824143070045 0.0 0.37257824143070045 0.0726961205025934 0.2106916164006191 5
60 0.1 0.4715225214046408 0.0 0.4715225214046408 0.0726961205025934 0.2376727205722993 6
70 0.1 0.36020370140355235 0.0 0.4715225214046408 0.0726961205025934 0.2710798349769195 7
80 0.1 0.4596844328488011 0.0 0.4715225214046408 0.0726961205025934 0.2822203182802486 8
90 0.1 0.4972032318210068 0.0 0.4972032318210068 0.0726961205025934 0.30193855323231 9
100 0.1 0.6217358865953743 0.0 0.6217358865953743 0.0726961205025934 0.3214650210911797 10
110 0.1 0.945038547624969 0.0 0.945038547624969 0.0726961205025934 0.34876237250065195 11
120 0.1 1.1677018633540373 0.0 1.1677018633540373 0.0726961205025934 0.39845205376101167 12
130 0.1 1.4656564401937646 0.0 1.4656564401937646 0.0726961205025934 0.45762511603739825 13
140 0.1 1.8136645962732918 0.0 1.8136645962732918 0.0726961205025934 0.5296273534771387 14
150 0.1 2.223050173869846 0.0 2.223050173869846 0.0726961205025934 0.6152298363302156 15
160 0.1 2.2515238213708173 0.0 2.2515238213708173 0.0726961205025934 0.7157186074264424 16
170 0.1 2.5497512437810945 0.0 2.5497512437810945 0.0726961205025934 0.806060090599641 17
180 0.1 2.5015556938394523 0.0 2.5497512437810945 0.0726961205025934 0.9029318213319439 18
190 0.1 2.894409937888199 0.0 2.894409937888199 0.0726961205025934 0.9870699198849707 19
200 0.1 3.904690618762475 0.0 3.904690618762475 0.0726961205025934 1.082436920785132 20
210 0.1 4.349451645064805 0.0 4.349451645064805 0.0726961205025934 1.2168299540221486 21
220 0.1 4.780876494023905 0.0 4.780876494023905 0.0726961205025934 1.3592218490695418 22
230 0.1 5.1717676452217365 0.0 5.1717676452217365 0.0726961205025934 1.507989442328427 23
240 0.1 5.888972243060765 0.0 5.888972243060765 0.0726961205025934 1.6606468674489816 24
250 0.1 6.242962592268235 0.0 6.242962592268235 0.0726961205025934 1.8297798824734528 25
260 0.1 6.162324649298597 0.0 6.242962592268235 0.0726961205025934 1.9995176790040214 26
270 0.1 6.793817003241087 0.0 6.793817003241087 0.0726961205025934 2.1536957149408575 27
280 0.1 9.658451144751657 0.0 9.658451144751657 0.0726961205025934 2.3194143323801515 28
290 0.1 7.736461192912403 0.0 9.658451144751657 0.0726961205025934 2.5724845672895134 29
300 0.1 7.137471726564463 0.0 9.658451144751657 0.0726961205025934 2.744617121476943 30
310 0.1 7.9599499374217775 0.0 9.658451144751657 0.0726961205025934 2.886322108737831 31
320 0.1 8.12773951158422 0.0 9.658451144751657 0.0726961205025934 3.0448729783842046 32
330 0.1 8.445225247835362 0.0 9.658451144751657 0.0726961205025934 3.198899236966023 33
340 0.1 9.772355678531003 0.0 9.772355678531003 0.0726961205025934 3.3532029431680628 34
350 0.1 10.182504719949653 0.0 10.182504719949653 0.0726961205025934 3.5366073070355752 35
360 0.1 9.331826174328059 0.0 10.182504719949653 0.0726961205025934 3.721215568505411 36
370 0.1 9.269521410579346 0.0 10.182504719949653 0.0726961205025934 3.8728536929871042 37
380 0.1 9.448423168739792 0.0 10.182504719949653 0.0726961205025934 4.01487126450269 38
390 0.1 9.761306532663315 0.0 10.182504719949653 0.0726961205025934 4.154193108201078 39
400 0.1 10.042896795357052 0.0 10.182504719949653 0.0726961205025934 4.294370943812634 40
410 0.1 10.813880126182966 0.0 10.813880126182966 0.0726961205025934 4.434578891411278 41
420 0.1 10.06066734074823 0.0 10.813880126182966 0.0726961205025934 4.586467016048699 42
430 0.1 11.01876337992696 0.0 11.01876337992696 0.0726961205025934 4.713774000344037 43
440 0.1 12.591471107746658 0.0 12.591471107746658 0.0726961205025934 4.857069213516376 44
450 0.1 14.6913423754595 0.0 14.6913423754595 0.0726961205025934 5.028944811165938 45
460 0.1 15.76467592003056 0.0 15.76467592003056 0.0726961205025934 5.238996932128841 46
470 0.1 17.00497893527384 0.0 17.00497893527384 0.0726961205025934 5.462947548892708 47
480 0.1 16.24553343542624 0.0 17.00497893527384 0.0726961205025934 5.703406536108981 48
490 0.1 16.719846841097638 0.0 17.00497893527384 0.0726961205025934 5.918551983033823 49
500 0.1 17.937960844139333 0.0 17.937960844139333 0.0726961205025934 6.134577880195099 50
510 0.1 22.706363404037823 0.0 22.706363404037823 0.0726961205025934 6.366016761841065 51
520 0.1 24.50992953235106 0.0 24.50992953235106 0.0726961205025934 6.680254197267926 52
530 0.1 25.414293112377006 0.0 25.414293112377006 0.0726961205025934 7.0166631658544 53
540 0.1 20.300655274315815 0.0 25.414293112377006 0.0726961205025934 7.357360016715929 54
550 0.1 12.357846853677028 0.0 25.414293112377006 0.0726961205025934 7.5926926577632 55
560 0.1 4.261719729255453 0.0 25.414293112377006 0.0726961205025934 7.677784696975947 56
570 0.1 0.8087594873709094 0.0 25.414293112377006 0.0726961205025934 7.617853732629973 57
580 0.1 0.18642803877703207 0.0 25.414293112377006 0.0726961205025934 7.5004555559875765 58
590 0.1 1.2802983219390927 0.0 25.414293112377006 0.0726961205025934 7.376488987899261 59
