0 0.2 2
10 0.7 9
20 0.8 17
30 0.5 22
40 1.3 35
50 2.7 62
60 2.1 83
70 2.1 104
80 2.8 132
90 4.4 176
100 5.1 227
110 7 297
120 7.8 375
130 12.6 501
140 15.5 656
150 15.4 810
160 17.1 981
170 18.7 1168
180 19.1 1359
190 24.3 1602
200 30.5 1907
210 39 2297
220 35.1 2648
230 42.4 3072
240 48.1 3553
250 47.2 4025
260 51.4 4539
270 56.8 5107
280 62.4 5731
290 58.6 6317
300 64.5 6962
310 65.5 7617
320 64.7 8264
330 73 8994
340 71.3 9707
350 72.3 10430
360 78.2 11212
370 75.2 11964
380 78.9 12753
390 83.3 13586
400 90.6 14492
410 85.6 15348
420 87.9 16227
430 90.5 17132
440 97.7 18109
450 117.6 19285
460 142.8 20713
470 162 22333
480 173.6 24069
490 185.1 25920
500 204 27960
510 290.3 30863
520 346.9 34332
530 372.9 38061
540 271 40771
550 208.2 42853
560 68.2 43535
570 13.1 43666
580 2.4 43690
590 0.3 43693
592 0.1 43694
