0 0.1 29466.77734375 0 29466.77734375 29466.77734375 0 0
10 0.1 29461.203125 0.0 29466.77734375 29461.203125 29466.77734375 1
20 0.1 29459.66796875 0.0 29466.77734375 29459.66796875 29463.990234375 2
30 0.1 29460.01171875 0.0 29466.77734375 29459.66796875 29462.549479166668 3
40 0.1 29456.26953125 0.0 29466.77734375 29456.26953125 29461.9150390625 4
50 0.1 29447.5546875 0.0 29466.77734375 29447.5546875 29460.7859375 5
60 0.1 29444.21484375 0.0 29466.77734375 29444.21484375 29458.580729166668 6
70 0.1 29445.609375 0.0 29466.77734375 29444.21484375 29456.528459821428 7
80 0.1 29440.73046875 0.0 29466.77734375 29440.73046875 29455.16357421875 8
90 0.1 29436.1484375 0.0 29466.77734375 29436.1484375 29453.559895833332 9
100 0.1 29431.30078125 0.0 29466.77734375 29431.30078125 29451.81875 10
110 0.1 29413.59375 0.0 29466.77734375 29413.59375 29449.953480113636 11
120 0.1 29400.9140625 0.0 29466.77734375 29400.9140625 29446.923502604168 12
130 0.1 29345.796875 0.0 29466.77734375 29345.796875 29443.384314903848 13
140 0.1 29331.33203125 0.0 29466.77734375 29331.33203125 29436.41378348214 14
150 0.1 29331.0703125 0.0 29466.77734375 29331.0703125 29429.408333333333 15
160 0.1 29316.48046875 0.0 29466.77734375 29316.48046875 29423.26220703125 16
170 0.1 29302.19921875 0.0 29466.77734375 29302.19921875 29416.980928308825 17
180 0.1 29290.703125 0.0 29466.77734375 29290.703125 29410.604166666668 18
190 0.1 29276.28515625 0.0 29466.77734375 29276.28515625 29404.293585526317 19
200 0.1 29246.046875 0.0 29466.77734375 29246.046875 29397.8931640625 20
210 0.1 29198.0078125 0.0 29466.77734375 29198.0078125 29390.66238839286 21
220 0.1 29178.47265625 0.0 29466.77734375 29178.47265625 29381.905362215908 22
230 0.1 29138.05859375 0.0 29466.77734375 29138.05859375 29373.06046195652 23
240 0.1 29097.328125 0.0 29466.77734375 29097.328125 29363.268717447918 24
250 0.1 29086.75390625 0.0 29466.77734375 29086.75390625 29352.63109375 25
260 0.1 29077.8046875 0.0 29466.77734375 29077.8046875 29342.405048076922 26
270 0.1 29035.48828125 0.0 29466.77734375 29035.48828125 29332.605034722223 27
280 0.1 29009.01953125 0.0 29466.77734375 29009.01953125 29321.993722098214 28
290 0.1 28979.87109375 0.0 29466.77734375 28979.87109375 29311.20150862069 29
300 0.1 28972.4140625 0.0 29466.77734375 28972.4140625 29300.157161458334 30
310 0.1 28942.046875 0.0 29466.77734375 28942.046875 29289.58480342742 31
320 0.1 28925.9296875 0.0 29466.77734375 28925.9296875 29278.724243164063 32
330 0.1 28899.90234375 0.0 29466.77734375 28899.90234375 29268.033499053032 33
340 0.1 28895.44921875 0.0 29466.77734375 28895.44921875 29257.206112132353 34
350 0.1 28897.0 0.0 29466.77734375 28895.44921875 29246.870200892856 35
360 0.1 28854.65234375 0.0 29466.77734375 28854.65234375 29237.15158420139 36
370 0.1 28848.10546875 0.0 29466.77734375 28848.10546875 29226.813766891893 37
380 0.1 28754.51953125 0.0 29466.77734375 28754.51953125 29216.847759046053 38
390 0.1 28755.78125 0.0 29466.77734375 28754.51953125 29204.993189102563 39
400 0.1 28773.859375 0.0 29466.77734375 28754.51953125 29193.762890625 40
410 0.1 28715.18359375 0.0 29466.77734375 28715.18359375 29183.521341463416 41
420 0.1 28662.12109375 0.0 29466.77734375 28662.12109375 29172.370442708332 42
430 0.1 28613.39453125 0.0 29466.77734375 28613.39453125 29160.50417877907 43
440 0.1 28545.703125 0.0 29466.77734375 28545.703125 29148.069868607956 44
450 0.1 28439.06640625 0.0 29466.77734375 28439.06640625 29134.683940972223 45
460 0.1 28392.0234375 0.0 29466.77734375 28392.0234375 29119.561820652172 46
470 0.1 28369.47265625 0.0 29466.77734375 28369.47265625 29104.082280585106 47
480 0.1 28355.5 0.0 29466.77734375 28355.5 29088.777913411457 48
490 0.1 28346.76171875 0.0 29466.77734375 28346.76171875 29073.813058035714 49
500 0.1 28322.67578125 0.0 29466.77734375 28322.67578125 29059.27203125 50
510 0.1 28223.96484375 0.0 29466.77734375 28223.96484375 29044.82896752451 51
520 0.1 28136.53125 0.0 29466.77734375 28136.53125 29029.043118990383 52
530 0.1 28083.5 0.0 29466.77734375 28083.5 29012.20327240566 53
540 0.1 28062.6875 0.0 29466.77734375 28062.6875 28995.00506365741 54
550 0.1 28255.43359375 0.0 29466.77734375 28062.6875 28978.053835227274 55
560 0.1 28832.8515625 0.0 29466.77734375 28062.6875 28965.14990234375 56
570 0.1 29181.8515625 0.0 29466.77734375 28062.6875 28962.828878837718 57
580 0.1 29264.9296875 0.0 29466.77734375 28062.6875 28966.60513200431 58
590 0.1 29281.1328125 0.0 29466.77734375 28062.6875 28971.66148040254 59
