0 0.1 0.0 0 0.0 0.0 0 0
10 0.1 0.0 0.0 0.0 0.0 0.0 1
20 0.1 0.0 0.0 0.0 0.0 0.0 2
30 0.1 0.0 0.0 0.0 0.0 0.0 3
40 0.1 0.0 0.0 0.0 0.0 0.0 4
50 0.1 0.0 0.0 0.0 0.0 0.0 5
60 0.1 0.0703125 0.0 0.0703125 0.0 0.0 6
70 0.1 0.05859375 0.0 0.0703125 0.0 0.010044642857142858 7
80 0.1 0.05078125 0.0 0.0703125 0.0 0.01611328125 8
90 0.1 0.0390625 0.0 0.0703125 0.0 0.019965277777777776 9
100 0.1 0.0390625 0.0 0.0703125 0.0 0.021875 10
110 0.1 0.109375 0.0 0.109375 0.0 0.0234375 11
120 0.1 0.08984375 0.0 0.109375 0.0 0.030598958333333332 12
130 0.1 0.078125 0.0 0.109375 0.0 0.03515625 13
140 0.1 0.0703125 0.0 0.109375 0.0 0.03822544642857143 14
150 0.1 0.12890625 0.0 0.12890625 0.0 0.040364583333333336 15
160 0.1 0.109375 0.0 0.12890625 0.0 0.0458984375 16
170 0.1 0.25 0.0 0.25 0.0 0.04963235294117647 17
180 0.1 0.2109375 0.0 0.25 0.0 0.06076388888888889 18
190 0.1 0.1796875 0.0 0.25 0.0 0.06866776315789473 19
200 0.1 0.1484375 0.0 0.25 0.0 0.07421875 20
210 0.1 0.12890625 0.0 0.25 0.0 0.07775297619047619 21
220 0.1 0.109375 0.0 0.25 0.0 0.080078125 22
230 0.1 0.08984375 0.0 0.25 0.0 0.08135190217391304 23
240 0.1 0.078125 0.0 0.25 0.0 0.08170572916666667 24
250 0.1 0.0703125 0.0 0.25 0.0 0.0815625 25
260 0.1 0.140625 0.0 0.25 0.0 0.0811298076923077 26
270 0.1 0.12109375 0.0 0.25 0.0 0.08333333333333333 27
280 0.1 0.1015625 0.0 0.25 0.0 0.08468191964285714 28
290 0.1 0.078125 0.0 0.25 0.0 0.08526400862068965 29
300 0.1 0.0703125 0.0 0.25 0.0 0.08502604166666666 30
310 0.1 0.05859375 0.0 0.25 0.0 0.08455141129032258 31
320 0.1 0.12890625 0.0 0.25 0.0 0.083740234375 32
330 0.1 0.19140625 0.0 0.25 0.0 0.08510890151515152 33
340 0.1 0.16015625 0.0 0.25 0.0 0.08823529411764706 34
350 0.1 0.21875 0.0 0.25 0.0 0.09029017857142857 35
360 0.1 0.328125 0.0 0.328125 0.0 0.09385850694444445 36
370 0.1 0.4296875 0.0 0.4296875 0.0 0.10019003378378379 37
380 0.1 0.44921875 0.0 0.44921875 0.0 0.1088610197368421 38
390 0.1 0.6796875 0.0 0.6796875 0.0 0.11758814102564102 39
400 0.1 0.80078125 0.0 0.80078125 0.0 0.131640625 40
410 0.1 0.8984375 0.0 0.8984375 0.0 0.14796112804878048 41
420 0.1 0.91015625 0.0 0.91015625 0.0 0.16582961309523808 42
430 0.1 0.83984375 0.0 0.91015625 0.0 0.18313953488372092 43
440 0.1 0.87109375 0.0 0.91015625 0.0 0.19806463068181818 44
450 0.1 0.96875 0.0 0.96875 0.0 0.21302083333333333 45
460 0.1 0.96875 0.0 0.96875 0.0 0.22944972826086957 46
470 0.1 0.8203125 0.0 0.96875 0.0 0.24517952127659576 47
480 0.1 0.8515625 0.0 0.96875 0.0 0.2571614583333333 48
490 0.1 1.1015625 0.0 1.1015625 0.0 0.2692920918367347 49
500 0.1 0.9296875 0.0 1.1015625 0.0 0.2859375 50
510 0.1 0.7890625 0.0 1.1015625 0.0 0.29856004901960786 51
520 0.1 1.19921875 0.0 1.19921875 0.0 0.30799278846153844 52
530 0.1 1.328125 0.0 1.328125 0.0 0.3248083726415094 53
540 0.1 1.26953125 0.0 1.328125 0.0 0.3433883101851852 54
550 0.1 1.23046875 0.0 1.328125 0.0 0.36022727272727273 55
560 0.1 1.12109375 0.0 1.328125 0.0 0.37576729910714285 56
570 0.1 0.94921875 0.0 1.328125 0.0 0.38884320175438597 57
580 0.1 0.80078125 0.0 1.328125 0.0 0.39850484913793105 58
590 0.1 0.6796875 0.0 1.328125 0.0 0.405323093220339 59
