0 4.8 78.09555053710938 87.44155966834417 374.2900390625 9.8251953125 0 0
10 6.3 49.14931330605159 45.50340631297327 374.2900390625 8.85400390625 78.09555053710938 48
20 5.2 52.46127084585336 65.6382903405651 374.2900390625 8.02099609375 61.66660508164414 111
30 9.4 43.056664000166215 48.079244129150595 374.2900390625 7.903076171875 58.729934037097394 163
40 16.1 62.23209281589674 85.9286878413076 521.7080078125 7.903076171875 52.99729830374513 257
50 21.2 72.35896272479366 103.60221332592435 564.41796875 7.64599609375 56.55424068761214 418
60 15.8 47.59579583662975 64.77332209079636 564.41796875 7.64599609375 61.872655087425606 630
70 23.6 50.58742924059852 49.47968913661367 564.41796875 7.64599609375 59.0100361005909 788
80 29.5 49.55930382680086 54.54682308205557 564.41796875 7.635009765625 57.06888842582703 1024
90 36.5 45.435682657320186 51.876435675812566 564.41796875 7.635009765625 55.38933766258767 1319
100 57 53.416287606222575 65.94796787511659 650.912109375 7.635009765625 53.23192431524644 1684
110 66.6 51.758188241952894 63.21130560995133 650.912109375 7.635009765625 53.27854679788016 2254
120 85.9 45.382194048311945 51.269992723305194 650.912109375 7.635009765625 52.93178008615154 2920
130 111.3 52.2772746535967 59.308352170894786 650.912109375 7.635009765625 51.21569265389322 3779
140 133.3 57.25433903641926 70.766391788199 650.912109375 7.635009765625 51.45721774908332 4892
150 125.3 48.358215283320014 54.480541413044676 650.912109375 7.635009765625 52.69859327936747 6225
160 150.4 50.19283716729349 55.63107286429032 650.912109375 7.635009765625 51.9713274824903 7478
170 145.9 54.281608095227895 61.333358271953045 650.912109375 7.551025390625 51.67352638762769 8982
180 160.8 49.417377528859646 56.54072142551336 650.912109375 7.546142578125 52.03797339571012 10441
190 228.8 53.280672940340914 62.101210716864 650.912109375 7.546142578125 51.68824162096569 12049
200 284 57.41742244236904 63.792760969635104 650.912109375 7.5458984375 51.942373089106205 14337
210 305.4 55.07484708834729 64.02073828323778 650.912109375 7.5458984375 52.84760334836373 17177
220 320.7 53.625894344890085 58.899088733281125 650.912109375 7.5458984375 53.183820163247304 20231
230 373.8 55.70574307837163 61.78750028961799 650.912109375 7.5458984375 53.2443087672463 23438
240 377.4 60.22155988134273 64.25165520893712 650.912109375 7.5458984375 53.58287373100058 27176
250 397.6 56.60596802249038 62.67065346855716 650.912109375 7.373046875 54.392385896796746 30950
260 435.1 57.75902753587539 119.37708441148631 6813.200927734375 7.373046875 54.64438161722732 34926
270 475.4 63.5927312238707 68.47214615947678 6813.200927734375 7.331787109375 54.98941368159164 39277
280 493.2 62.15404298261035 69.18557375351774 6813.200927734375 7.331787109375 55.91830858736245 44031
290 480.7 63.362807037181945 69.14495770753511 6813.200927734375 6.113037109375 56.54642863795908 48963
300 518.2 63.05445028501605 70.59275276508947 6813.200927734375 5.001220703125 57.15580804962105 53770
310 537.8 72.55324058773897 75.94450449414013 6813.200927734375 5.001220703125 57.674310629072416 58952
320 555.2 72.00483620063729 74.48964982925118 6813.200927734375 5.001220703125 58.9181919491052 64330
330 568.9 69.78701466268501 72.8173139677549 6813.200927734375 5.001220703125 59.95790244514862 69882
340 588.3 75.79851156802445 79.3465740687705 6813.200927734375 5.001220703125 60.69783997946158 75571
350 599.1 74.72515768281303 76.65224959909524 6813.200927734375 5.001220703125 61.78848317630292 81454
360 600.2 82.50209630643953 83.56205099260997 6813.200927734375 5.001220703125 62.67479590966105 87445
370 645.5 116.26098099523145 115.02812347952569 6813.200927734375 5.001220703125 63.94828202458678 93447
380 681.7 226.23416824866842 212.59684435706956 6813.200927734375 5.001220703125 67.32837923841144 99902
390 674.7 362.2446502916227 225.56022154450156 6813.200927734375 5.001220703125 77.47896876495238 106719
400 724.2 314.5694894608912 197.86270578495322 6813.200927734375 5.001220703125 94.41191831160464 113466
410 714.8 376.8099046225785 244.16063908706147 6813.200927734375 5.001220703125 107.62049711552096 120708
420 727.5 481.5716966682776 316.75981379332404 6813.200927734375 5.001220703125 122.66997375220949 127856
430 780.2 626.2466320046641 349.11289100751145 6813.200927734375 1.036865234375 141.99203926060056 135131
440 918.5 828.1751687321391 504.45303094450907 6813.200927734375 1.008056640625 168.42508364215826 142933
450 1127.9 739.1360058308046 519.2566479893582 6813.200927734375 0.958984375 208.26129323965148 152118
460 1232.2 681.377156093398 505.18575304387366 6813.200927734375 0.958984375 244.90661649109194 163397
470 1364.3 613.066586237277 493.86757941824925 6813.200927734375 0.958984375 275.51338063714115 175719
480 1456.7 573.9179720014105 507.13835098483605 6813.200927734375 0.958984375 299.83314058899344 189362
490 1412.8 562.0462465210605 490.58999535421054 6813.200927734375 0.958984375 319.4114925604378 203929
500 1969.6 432.3025688586635 467.5816756803363 6813.200927734375 0.89697265625 335.1318950421544 218057
510 2711.1 312.27836138532587 437.77551864013884 6813.200927734375 0.614013671875 343.18173496631925 237753
520 3023.1 283.9688080733427 422.9266513169923 6813.200927734375 0.614013671875 340.01852153922334 264864
530 2899.5 290.6350653887653 413.8597672626757 6813.200927734375 0.614013671875 334.27651002500915 295095
540 1521.3 544.7057419731015 449.4621221925973 6813.200927734375 0.614013671875 330.37208937880627 324090
550 692 205.21192792771052 289.0344685460256 6813.200927734375 0.614013671875 339.9819597805328 339303
560 126.4 14.974737239789354 23.472342160121094 6813.200927734375 0.614013671875 337.2882952336323 346223
570 18.6 10.998633600050402 12.739100252427583 6813.200927734375 0.614013671875 336.11586479075464 347487
580 2.8 11.442269461495536 9.153978105556835 6813.200927734375 0.614013671875 335.94193179911747 347673
590 0.4 9.65325927734375 2.3263676390440478 6813.200927734375 0.614013671875 335.9158001787153 347701
592 0.1 5.85791015625 0.0 6813.200927734375 0.614013671875 335.91204685286834 347705
