10 0.1 400 0 400 400 0 0
20 0.1 444.0 0.0 444 400 400.0 1
30 0.1 375.0 0.0 444 375 422.0 2
40 0.1 698.0 0.0 698 375 406.3333333333333 3
50 0.1 1289.0 0.0 1289 375 479.25 4
60 0.1 1576.0 0.0 1576 375 641.2 5
70 0.1 1229.0 0.0 1576 375 797.0 6
80 0.1 1832.0 0.0 1832 375 858.7142857142857 7
90 0.1 2259.0 0.0 2259 375 980.375 8
100 0.1 2849.0 0.0 2849 375 1122.4444444444443 9
110 0.1 4554.0 0.0 4554 375 1295.1 10
120 0.1 5135.0 0.0 5135 375 1591.3636363636363 11
130 0.1 6546.0 0.0 6546 375 1886.6666666666667 12
140 0.1 8796.0 0.0 8796 375 2245.076923076923 13
150 0.1 10606.0 0.0 10606 375 2713.0 14
160 0.1 9931.0 0.0 10606 375 3239.2 15
170 0.1 11203.0 0.0 11203 375 3657.4375 16
180 0.1 11856.0 0.0 11856 375 4101.294117647059 17
190 0.1 12830.0 0.0 12830 375 4532.111111111111 18
200 0.1 19031.0 0.0 19031 375 4968.8421052631575 19
210 0.1 22892.0 0.0 22892 375 5671.949999999999 20
220 0.1 24504.0 0.0 24504 375 6491.95238095238 21
230 0.1 2.62e4 0.0 26200 375 7310.681818181817 22
240 0.1 30267.0 0.0 30267 375 8131.956521739129 23
250 0.1 31096.0 0.0 31096 375 9054.249999999998 24
260 0.1 32362.0 0.0 32362 375 9935.919999999998 25
270 0.1 35448.0 0.0 35448 375 10798.461538461535 26
280 0.1 38466.0 0.0 38466 375 11711.407407407405 27
290 0.1 38664.0 0.0 38664 375 12666.928571428569 28
300 0.1 38432.0 0.0 38664 375 13563.379310344826 29
310 0.1 41839.0 0.0 41839 375 14392.333333333332 30
320 0.1 44051.0 0.0 44051 375 15277.709677419352 31
330 0.1 44667.0 0.0 44667 375 16176.874999999998 32
340 0.1 45420.0 0.0 45420 375 17040.21212121212 33
350 0.1 4.77e4 0.0 47700 375 17874.91176470588 34
360 0.1 49263.0 0.0 49263 375 18727.057142857142 35
370 0.1 49557.0 0.0 49557 375 19575.277777777777 36
380 0.1 54497.0 0.0 54497 375 20385.594594594593 37
390 0.1 55944.0 0.0 55944 375 21283.263157894737 38
400 0.1 57170.0 0.0 57170 375 22172.0 39
410 0.1 59017.0 0.0 59017 375 23046.95 40
420 0.1 60087.0 0.0 60087 375 23924.268292682926 41
430 0.1 60471.0 0.0 60471 375 24785.285714285714 42
440 0.1 64187.0 0.0 64187 375 25615.18604651163 43
450 0.1 65007.0 0.0 65007 375 26491.81818181818 44
460 0.1 68246.0 0.0 68246 375 27347.71111111111 45
470 0.1 71493.0 0.0 71493 375 28236.804347826088 46
480 0.1 73323.0 0.0 73323 375 29157.14893617021 47
490 0.1 74118.0 0.0 74118 375 30077.270833333332 48
500 0.1 75828.0 0.0 75828 375 30976.061224489797 49
510 0.1 90817.0 0.0 90817 375 31873.1 50
520 0.1 96786.0 0.0 96786 375 33028.86274509804 51
530 0.1 97258.0 0.0 97258 375 34254.961538461546 52
540 0.1 79697.0 0.0 97258 375 35443.69811320755 53
550 0.1 60732.0 0.0 97258 375 36263.20370370371 54
560 0.1 13805.0 0.0 97258 375 36708.09090909091 55
570 0.1 1560.0 0.0 97258 375 36299.107142857145 56
580 0.1 163.0 0.0 97258 163 35689.649122807015 57
590 0.1 255.0 0.0 97258 163 35077.12068965517 58
