0 4.8 78.09555053710938 87.44155966834417 374.2900390625 9.8251953125 0 0
10 6.6 46.907470703125 44.01308687244262 374.2900390625 8.85400390625 78.09555053710938 48
20 5.5 49.59183682528409 60.321427801003786 374.2900390625 8.02099609375 60.03929379111842 114
30 9.6 42.15671030680338 46.52583602330895 374.2900390625 7.903076171875 56.639233831823226 169
40 16.9 59.27960457886462 80.39091529392687 521.7080078125 7.903076171875 51.392734743514154 265
50 22.4 68.47626168387266 97.96831743315585 564.41796875 7.64599609375 54.463889126404084 434
60 17 44.22616325827204 59.930771318754374 564.41796875 7.64599609375 59.23405850766998 658
70 24.2 49.32992276278411 47.88394052557211 564.41796875 7.64599609375 56.152727357431274 828
80 30.7 47.61706026058631 52.19896001890973 564.41796875 7.635009765625 54.60962575752042 1070
90 37.7 43.98558987483424 49.1956091701231 564.41796875 7.635009765625 53.050644197927994 1377
100 58.8 51.777296416613524 64.0115214168963 650.912109375 7.635009765625 51.102226022439766 1754
110 69.4 49.66518399900941 60.5108221825549 650.912109375 7.635009765625 51.27171423412813 2342
120 87.8 44.39757855878066 49.76166810659793 650.912109375 7.635009765625 50.904477085520625 3036
130 115.4 50.41578163927102 56.80808366940398 650.912109375 7.635009765625 49.44483045637457 3914
140 140.8 54.19817959178576 67.25416068200256 650.912109375 7.635009765625 49.66591918270892 5068
150 130 46.859994178185076 52.51500056115715 650.912109375 7.635009765625 50.651314898579855 6476
160 155 48.48645618069562 52.87948126942733 650.912109375 7.635009765625 50.01747784398711 7776
170 153.3 51.65584532855303 57.95856524869409 650.912109375 7.551025390625 49.76301895720802 9326
180 167.5 47.436386864505565 53.57273623416203 650.912109375 7.546142578125 50.03023535165243 10859
190 236.5 51.54243607954549 59.67981323228694 650.912109375 7.546142578125 49.68360249574283 12534
200 299.4 54.58092780613308 60.45847539884256 650.912109375 7.5458984375 49.97866534732302 14899
210 319.5 52.52551189297242 60.06585462305051 650.912109375 7.5458984375 50.74875274472297 17893
220 333.3 51.594811165686885 56.1361138579211 650.912109375 7.5458984375 51.01794591044077 21088
230 389.8 53.41522470457602 58.614521154083405 650.912109375 7.5458984375 51.09667699826417 24421
240 391.8 58.089885935605686 61.053962033498415 650.912109375 7.5458984375 51.41581605540615 28319
250 413.8 54.31699070070836 59.196384472501315 650.912109375 7.373046875 52.22696491512082 32237
260 450.9 55.73303241607064 116.34585387581566 6813.200927734375 7.373046875 52.46472509933419 36375
270 495.6 61.07914363192971 64.37052482333553 6813.200927734375 7.331787109375 52.82517901018354 40884
280 514.6 59.50446332330329 64.92307743833965 6813.200927734375 7.331787109375 53.717557907770235 45840
290 498.9 61.01851059635897 65.1112930419705 6813.200927734375 6.113037109375 54.30162834413184 50986
300 537.8 60.7531280233852 65.66534443345358 6813.200927734375 5.001220703125 54.90029784938171 55975
310 560.2 69.6485029586253 70.40834226514883 6813.200927734375 5.001220703125 55.41333748356082 61353
320 576.8 69.36406154341562 69.56550507669384 6813.200927734375 5.001220703125 56.60436723475656 66955
330 591 67.18285393367981 67.8546344419288 6813.200927734375 5.001220703125 57.61639804718654 72723
340 611.4 72.86694056417635 72.72509597784209 6813.200927734375 5.001220703125 58.33540602461555 78633
350 620.5 72.1708162441454 70.57388617992072 6813.200927734375 5.001220703125 59.38377118414774 84747
360 625.4 79.30979637875494 77.28269081089921 6813.200927734375 5.001220703125 60.25613918702052 90952
370 674.4 111.69512577441522 104.16379956021545 6813.200927734375 5.001220703125 61.48200561581203 97206
380 712.1 216.68400122245157 183.3723392636985 6813.200927734375 5.001220703125 64.73969952970928 103950
390 701.1 348.6845827093146 196.62619304533283 6813.200927734375 5.001220703125 74.48117455337899 111071
400 753.8 302.37075468019094 174.36215978503205 6813.200927734375 5.001220703125 90.76172615803732 118082
410 745.3 361.79889730854995 213.42662360107718 6813.200927734375 5.001220703125 103.45961548298553 125620
420 755.7 464.23944657969207 279.26192736913384 6813.200927734375 5.001220703125 117.92838576280135 133073
430 806.2 607.1072345753497 313.5461372924154 6813.200927734375 1.036865234375 136.53801874718053 140630
440 954.2 799.7024362788379 456.3092017378473 6813.200927734375 0.860107421875 162.05202769188972 148692
450 1174 708.1926085489979 473.0381160432256 6813.200927734375 0.860107421875 200.50432112273683 158234
460 1282.5 654.646210766175 470.1264691229424 6813.200927734375 0.860107421875 235.5700399643497 169974
470 1417.4 589.5582982974727 459.7650229108835 6813.200927734375 0.860107421875 264.9720164003992 182799
480 1519.1 551.8771452746482 472.37609602598553 6813.200927734375 0.860107421875 288.3289534405474 196973
490 1474.7 537.033840354057 450.96774595117165 6813.200927734375 0.860107421875 307.1990755260653 212164
500 2039.5 417.56887830101493 445.4563614997124 6813.200927734375 0.860107421875 322.1360916994478 226911
510 2819.2 300.20640486025405 418.5010811808327 6813.200927734375 0.614013671875 330.00630787996494 247306
520 3164.6 271.13346762790434 401.69915899718956 6813.200927734375 0.614013671875 326.95685247218813 275498
530 3027.1 278.9418713035712 396.11209669999545 6813.200927734375 0.614013671875 321.2051958004569 307144
540 1615.4 513.2612359095468 405.4143795265916 6813.200927734375 0.614013671875 317.41356503168487 337415
550 723.3 191.39502108392037 248.22240494899623 6813.200927734375 0.614013671875 326.36153070560135 353569
560 126.9 14.9154034457496 22.781475477413796 6813.200927734375 0.614013671875 323.6558562246018 360802
570 18.6 10.998633600050402 12.739100252427583 6813.200927734375 0.614013671875 322.57377112367857 362071
580 2.8 11.442269461495536 9.153978105556835 6813.200927734375 0.614013671875 322.41379360611677 362257
590 0.4 9.65325927734375 2.3263676390440478 6813.200927734375 0.614013671875 322.3897594819437 362285
592 0.1 5.85791015625 0.0 6813.200927734375 0.614013671875 322.386306586601 362289
