10 0.1 227 0 227 227 0 0
20 0.1 226.0 0.0 227 226 227.0 1
30 0.1 228.0 0.0 228 226 226.5 2
40 0.1 409.0 0.0 409 226 227.0 3
50 0.1 740.0 0.0 740 226 272.5 4
60 0.1 807.0 0.0 807 226 366.0 5
70 0.1 705.0 0.0 807 226 439.5 6
80 0.1 1023.0 0.0 1023 226 477.42857142857144 7
90 0.1 1245.0 0.0 1245 226 545.625 8
100 0.1 1751.0 0.0 1751 226 623.3333333333334 9
110 0.1 2791.0 0.0 2791 226 736.1 10
120 0.1 3036.0 0.0 3036 226 922.9090909090909 11
130 0.1 4138.0 0.0 4138 226 1099.0 12
140 0.1 5280.0 0.0 5280 226 1332.7692307692307 13
150 0.1 6477.0 0.0 6477 226 1614.7142857142858 14
160 0.1 6305.0 0.0 6477 226 1938.8666666666666 15
170 0.1 7026.0 0.0 7026 226 2211.75 16
180 0.1 7350.0 0.0 7350 226 2494.9411764705883 17
190 0.1 8324.0 0.0 8324 226 2764.6666666666665 18
200 0.1 12693.0 0.0 12693 226 3057.2631578947367 19
210 0.1 14561.0 0.0 14561 226 3539.05 20
220 0.1 15670.0 0.0 15670 226 4063.904761904762 21
230 0.1 17255.0 0.0 17255 226 4591.454545454545 22
240 0.1 19755.0 0.0 19755 226 5142.043478260869 23
250 0.1 20112.0 0.0 20112 226 5750.916666666667 24
260 0.1 21361.0 0.0 21361 226 6325.36 25
270 0.1 23577.0 0.0 23577 226 6903.653846153846 26
280 0.1 25352.0 0.0 25352 226 7521.185185185185 27
290 0.1 25571.0 0.0 25571 226 8158.0 28
300 0.1 25199.0 0.0 25571 226 8758.448275862069 29
310 0.1 27460.0 0.0 27460 226 9306.466666666667 30
320 0.1 28590.0 0.0 28590 226 9892.064516129032 31
330 0.1 28932.0 0.0 28932 226 10476.375 32
340 0.1 29890.0 0.0 29890 226 11035.636363636364 33
350 0.1 30898.0 0.0 30898 226 11590.176470588236 34
360 0.1 32264.0 0.0 32264 226 12141.828571428572 35
370 0.1 32182.0 0.0 32264 226 12700.777777777777 36
380 0.1 35161.0 0.0 35161 226 13227.297297297297 37
390 0.1 36110.0 0.0 36110 226 13804.5 38
400 0.1 36407.0 0.0 36407 226 14376.435897435897 39
410 0.1 37702.0 0.0 37702 226 14927.2 40
420 0.1 38516.0 0.0 38516 226 15482.682926829268 41
430 0.1 39376.0 0.0 39376 226 16031.095238095239 42
440 0.1 42958.0 0.0 42958 226 16574.0 43
450 0.1 46436.0 0.0 46436 226 17173.636363636364 44
460 0.1 49897.0 0.0 49897 226 17823.911111111112 45
470 0.1 53583.0 0.0 53583 226 18521.152173913044 46
480 0.1 56892.0 0.0 56892 226 19267.14893617021 47
490 0.1 58855.0 0.0 58855 226 20051.0 48
500 0.1 60701.0 0.0 60701 226 20842.918367346938 49
510 0.1 83293.0 0.0 83293 226 21640.08 50
520 0.1 94559.0 0.0 94559 226 22848.960784313724 51
530 0.1 97873.0 0.0 97873 226 24228.0 52
540 0.1 73182.0 0.0 97873 226 25617.528301886792 53
550 0.1 44699.0 0.0 97873 226 26498.35185185185 54
560 0.1 12451.0 0.0 97873 226 26829.272727272728 55
570 0.1 1836.0 0.0 97873 226 26572.51785714286 56
580 0.1 242.0 0.0 97873 226 26138.543859649122 57
590 0.1 201.0 0.0 97873 201 25692.05172413793 58
