0 0.2 3544.3839111328125 1555.4869384765625 5099.870849609375 1988.89697265625 0 0
10 0.7 10660.758893694196 5180.850029647417 16938.054931640625 1436.9150390625 3544.3839111328125 2
20 0.8 12966.262115478516 6667.547813146106 20687.85205078125 1436.9150390625 9079.342230902777 9
30 0.5 8582.7439453125 4461.642465573953 20687.85205078125 1436.9150390625 10908.481000114889 17
40 1.3 13183.68008188101 5946.6199662601975 23424.663818359375 1436.9150390625 10379.90439675071 22
50 2.7 13979.801549840857 6046.297038155943 26029.01708984375 1436.9150390625 11421.306794084821 35
60 2.1 13996.900960286459 8344.237267365903 28662.875 1436.9150390625 12535.489994172127 62
70 2.1 15029.092726934521 9327.941538409743 32357.554931640625 1436.9150390625 12905.24457596009 83
80 2.8 12905.918770926339 9315.242955119667 42017.198974609375 1436.9150390625 13334.098529522236 104
90 4.4 13033.389803799719 10034.390768368821 42017.198974609375 431.8662109375 13243.272520123106 132
100 5.1 13429.63099341299 11077.392688337968 42028.390869140625 431.8662109375 13190.80184104226 176
110 7 15290.040987723214 9201.294427118844 45399.261962890625 431.8662109375 13244.459492015418 227
120 7.8 15101.819708408453 8764.91670748425 45399.261962890625 393.964111328125 13726.583076862375 297
130 12.6 13654.466343470982 8727.976481180798 45399.261962890625 393.964111328125 14012.63229622396 375
140 15.5 14372.949529044852 8360.758442647064 45399.261962890625 393.964111328125 13922.554631459736 501
150 15.4 15842.120323280235 9497.43878369801 58154.509033203125 393.964111328125 14028.974157565977 656
160 17.1 14713.12728150128 10463.034545485434 58154.509033203125 393.964111328125 14373.69577425733 810
170 18.7 14984.326337681734 8542.164602730616 58154.509033203125 393.964111328125 14432.862734235634 981
180 19.1 16016.481715017586 9504.759734908497 58154.509033203125 393.964111328125 14521.15356800654 1168
190 24.3 12815.401110990548 9166.524961152896 58154.509033203125 393.964111328125 14731.313741721855 1359
200 30.5 12568.098190957999 8182.04399330545 58154.509033203125 393.964111328125 14440.69778088059 1602
210 39 14602.381460336534 9087.32037545634 58154.509033203125 393.964111328125 14141.19968181064 1907
220 35.1 14741.276758090722 9288.076478972533 58154.509033203125 191.883056640625 14219.502204067976 2297
230 42.4 15078.940123360113 9282.929560549188 58154.509033203125 191.883056640625 14288.664918743953 2648
240 48.1 14768.016689371916 9441.315146882287 58154.509033203125 191.883056640625 14397.739361047745 3072
250 47.2 16095.352770271944 8994.208204129724 58154.509033203125 191.883056640625 14447.866970089097 3553
260 51.4 15829.835496241947 9960.099620499539 58154.509033203125 191.883056640625 14641.062820445943 4025
270 56.8 15773.542511845979 10143.698160155885 62504.23291015625 191.883056640625 14775.68039157596 4539
280 62.4 15526.177976950625 9648.795558570522 62504.23291015625 191.883056640625 14886.662511081222 5107
290 58.6 15396.880031963257 9485.773373760676 62504.23291015625 191.883056640625 14956.293928059498 5731
300 64.5 15195.395849987888 9749.921936342764 62504.23291015625 191.883056640625 14997.165141750744 6317
310 65.5 15236.929175736519 9544.943540476337 62504.23291015625 191.883056640625 15015.530382602936 6962
320 64.7 15496.887283254444 9355.102682904562 62504.23291015625 191.883056640625 15034.568876695426 7617
330 73 15653.952828352418 9698.293825363698 62504.23291015625 191.883056640625 15070.764424740402 8264
340 71.3 15531.423300123817 9924.497564833046 62504.23291015625 191.883056640625 15118.099040555031 8994
350 72.3 14964.526786244922 9962.728100781394 62504.23291015625 191.883056640625 15148.458595213788 9707
360 78.2 16129.441019433845 9844.251718687106 62504.23291015625 191.883056640625 15135.70857624116 10430
370 75.2 15190.373960779067 9443.856610878089 62504.23291015625 191.883056640625 15205.018134801336 11212
380 78.9 15849.63411551163 9622.410327579628 62504.23291015625 191.883056640625 15204.09767184039 11964
390 83.3 16950.06772836089 9718.3546840145 62504.23291015625 191.883056640625 15244.03558872713 12753
400 90.6 17092.53180187637 9916.948385891426 62504.23291015625 191.883056640625 15348.637735960674 13586
410 85.6 17451.228718980452 10129.227003357577 62504.23291015625 191.883056640625 15457.661198817397 14492
420 87.9 16981.24499997779 10139.212317685524 62504.23291015625 191.883056640625 15568.847920035769 15348
430 90.5 18319.48670067554 10733.978508770315 62504.23291015625 191.883056640625 15645.35602586365 16227
440 97.7 17851.20288135915 10781.940577670583 62504.23291015625 191.883056640625 15786.617306549197 17132
450 117.6 18947.056752937988 10858.154395285821 64082.5068359375 191.883056640625 15898.003915781586 18109
460 142.8 19805.132462701884 10568.760493846894 64082.5068359375 191.883056640625 16083.935268464807 19285
470 162 19870.61787184726 11236.201522656247 66314.18408203125 191.883056640625 16340.482827648439 20713
480 173.6 18936.30268107471 11132.608559619388 66314.18408203125 191.883056640625 16596.55316175501 22333
490 185.1 19420.68691662131 11069.86713718898 66913.47583007813 105.910888671875 16765.309868121665 24069
500 204 18324.053198361875 11367.700788499496 70443.54809570313 105.910888671875 16954.93575225642 25920
510 290.3 15932.190889879543 10679.707011646375 70443.54809570313 105.910888671875 17054.828441457248 27960
520 346.9 15931.66922999074 9729.513101796203 72564.205078125 105.910888671875 16949.23219960681 30863
530 372.9 17106.508383078075 10067.73167746124 88370.15307617188 105.910888671875 16846.41482975949 34332
540 271 20957.803753999953 8860.261701647709 88370.15307617188 105.910888671875 16871.897314726386 38061
550 208.2 26584.753886667182 7227.279604135151 88370.15307617188 105.910888671875 17143.482668297096 40771
560 68.2 33762.59798379936 6618.294372731062 88370.15307617188 105.910888671875 17602.18396521088 42853
570 13.1 41687.63176325441 4766.694138952649 88370.15307617188 105.910888671875 17855.345843255607 43535
580 2.4 54717.78857421875 6518.952978481131 88370.15307617188 105.910888671875 17926.843792587348 43666
590 0.3 59878.698079427086 3816.4049685186606 88370.15307617188 105.910888671875 17947.05397054018 43690
592 0.1 65252.067138671875 0.0 88370.15307617188 105.910888671875 17949.933034287842 43693
