0 271.453125 271.453125
10 362.66875 634.121875
20 283.28359375 917.40546875
30 503.02265625 1420.428125
40 971.98984375 2392.41796875
50 1300.12734375 3692.5453125
60 891.41015625 4583.95546875
70 1359.12109375 5943.0765625
80 1801.653125 7744.7296875
90 2000.24453125 9744.97421875
100 3314.03828125 13059.0125
110 3992.70703125 17051.71953125
120 4806.85625 21858.57578125
130 6585.25625 28443.83203125
140 8239.93203125 36683.7640625
150 7100.0046875 43783.76875
160 8850.2234375 52633.9921875
170 8847.778125 61481.7703125
180 9291.96875 70773.7390625
190 13221.42734375 83995.16640625
200 17426.0109375 101421.17734375
210 18124.2046875 119545.38203125
220 18678.14296875 138223.525
230 22055.3203125 160278.8453125
240 22248.18515625 182527.03046875
250 23531.06015625 206058.090625
260 24939.5515625 230997.6421875
270 28238.57109375 259236.21328125
280 28993.80546875 288230.01875
290 27787.2453125 316017.2640625
300 30221.85546875 346239.11953125
310 31358.66171875 377597.78125
320 32721.9828125 410319.7640625
330 32901.2578125 443221.021875
340 34278.6140625 477499.6359375
350 34669.5953125 512169.23125
360 34754.428125 546923.659375
370 38204.6 585128.259375
380 40126.3046875 625254.5640625
390 39377.52109375 664632.08515625
400 41765.575 706397.66015625
410 41864.18125 748261.84140625
420 42924.4390625 791186.28046875
430 42469.75234375 833656.0328125
440 41716.44453125 875372.47734375
450 42845.45078125 918217.928125
460 42630.98203125 960848.91015625
470 43398.4796875 1004247.38984375
480 42705.2921875 1046952.68203125
490 39667.459375 1086620.14140625
500 45353.2484375 1131973.38984375
510 45606.790625 1177580.18046875
520 45707.2671875 1223287.44765625
530 43645.17578125 1266932.6234375
540 40001.15546875 1306933.77890625
550 23161.86171875 1330095.640625
560 3023.83359375 1333119.47421875
570 350.9734375 1333470.44765625
580 45.9140625 1333516.36171875
590 3.8234375 1333520.18515625
592 1.0234375 1333521.20859375
