0 29.78203125 29.78203125
10 51.8765625 81.65859375
20 35.84140625 117.5
30 60.18359375 177.68359375
40 114.575 292.25859375
50 172.6953125 464.95390625
60 111.0921875 576.04609375
70 168.00234375 744.0484375
80 226.90703125 970.95546875
90 249.19296875 1220.1484375
100 398.4265625 1618.575
110 506.965625 2125.540625
120 592.053125 2717.59375
130 815.6796875 3533.2734375
140 1024.778125 4558.0515625
150 919.2890625 5477.340625
160 1101.1671875 6578.5078125
170 1114.78125 7693.2890625
180 1155.47265625 8848.76171875
190 1598.8125 10447.57421875
200 2108.48515625 12556.059375
210 2307.8734375 14863.9328125
220 2341.36171875 17205.29453125
230 2770.83359375 19976.128125
240 2798.46875 22774.596875
250 3005.82109375 25780.41796875
260 3183.3359375 28963.75390625
270 3563.84140625 32527.5953125
280 3746.18828125 36273.78359375
290 3542.9640625 39816.74765625
300 3819.23046875 43635.978125
310 4010.8703125 47646.8484375
320 4202.8140625 51849.6625
330 4216.6890625 56066.3515625
340 4399.21953125 60465.57109375
350 4421.34453125 64886.915625
360 4489.26796875 69376.18359375
370 4854.07421875 74230.2578125
380 5102.41015625 79332.66796875
390 5113.7703125 84446.43828125
400 5289.8046875 89736.24296875
410 5383.3421875 95119.58515625
420 5447.27109375 100566.85625
430 5724.7515625 106291.6078125
440 6545.9671875 112837.575
450 8090.18828125 120927.76328125
460 8834.4125 129762.17578125
470 9554.27578125 139316.4515625
480 10210.2890625 149526.740625
490 9985.4921875 159512.2328125
500 12566.040625 172078.2734375
510 16837.490625 188915.7640625
520 19029.0671875 207944.83125
530 18761.0671875 226705.8984375
540 12359.8453125 239065.74375
550 5572.3859375 244638.1296875
560 1082.46953125 245720.59921875
570 158.1625 245878.76171875
580 24.15 245902.91171875
590 3.4375 245906.34921875
592 0.859375 245907.20859375
