0 9 11
10 7 12
20 8 12
30 24 24
40 38 38
50 26 41
60 41 42
70 52 53
80 58 60
90 89 89
100 129 131
110 141 144
120 208 208
130 241 241
140 237 265
150 265 265
160 290 304
170 280 307
180 349 353
190 491 492
200 581 583
210 573 617
220 678 683
230 781 783
240 803 813
250 820 822
260 921 924
270 975 983
280 911 983
290 998 1000
300 1062 1062
310 1088 1093
320 1103 1112
330 1116 1142
340 1165 1176
350 1230 1248
360 1253 1254
370 1366 1370
380 1487 1497
390 1559 1562
400 1571 1614
410 1684 1686
420 1774 1777
430 2245 2245
440 2728 2730
450 3021 3022
460 3241 3248
470 3498 3499
480 3675 3685
490 3723 3751
500 5247 5247
510 6254 6275
520 6673 6702
530 5633 6810
540 2923 6810
550 841 6810
560 159 6810
570 28 6810
580 4 6810
590 1 6810
592 0 6810
