0 1.1 11
10 0.5 16
20 0.9 25
30 2.1 46
40 2.7 73
50 1.5 88
60 3.6 124
70 3.2 156
80 3.4 190
90 7.5 265
100 9.1 356
110 8.2 438
120 14.5 583
130 15.9 742
140 15.1 893
150 18.2 1075
160 19.6 1271
170 17.7 1448
180 26 1708
190 38.5 2093
200 39.5 2488
210 38.2 2870
220 45.6 3326
230 52.7 3853
240 50.3 4356
250 48.9 4845
260 61.5 5460
270 62.2 6082
280 56 6642
290 67.3 7315
300 70.9 8024
310 68.1 8705
320 66.2 9367
330 74.3 10110
340 76.2 10872
350 78.8 11660
360 80.5 12465
370 86.5 13330
380 91 14240
390 90.5 15145
400 91.8 16063
410 96.9 17032
420 96.9 18001
430 137.6 19377
440 146 20837
450 146.9 22306
460 164.8 23954
470 187.7 25831
480 191.3 27744
490 189.9 29643
500 356.4 33207
510 391 37117
520 388.8 41005
530 268.9 43694
540 0 43694
550 0 43694
560 0 43694
570 0 43694
580 0 43694
590 0 43694
592 0 43694
