0 1.2 12
10 2 32
20 3.1 63
30 4.7 110
40 10 210
50 8.5 295
60 12.9 424
70 14.5 569
80 15.7 726
90 24.3 969
100 31.4 1283
110 33.2 1615
120 54.9 2164
130 63.2 2796
140 70.5 3501
150 67.9 4180
160 79.8 4978
170 90.5 5883
180 86.3 6746
190 130.4 8050
200 152.7 9577
210 164.4 11221
220 180.1 13022
230 198.5 15007
240 194 16947
250 189.6 18843
260 92.6 19769
270 53.6 20305
280 44.9 20754
290 42.8 21182
300 46.7 21649
310 39.3 22042
320 42.9 22471
330 66.7 23138
340 80.1 23939
350 87.4 24813
360 475.6 29569
370 290.4 32473
380 234.6 34819
390 269.4 37513
400 239.1 39904
410 112.4 41028
420 181.7 42845
430 363.1 46476
440 361.4 50090
450 295 53040
460 310.4 56144
470 324.6 59390
480 287.2 62262
490 243.5 64697
500 242.8 67125
510 348 70605
521 504 75645
530 408.1 79726
540 114.9 80875
550 103.4 81909
560 15.7 82066
570 1.4 82080
580 0.1 82081
590 0 82081
600 0 82081
602 0 82081
