0 0.2 2
10 0.8 10
20 1.1 21
30 1.7 38
40 3 68
50 4 108
60 4.8 156
70 6.6 222
80 6.8 290
90 7.3 363
100 12.7 490
110 13.2 622
120 18.2 804
130 25.1 1055
140 31.4 1369
150 28 1649
160 32 1969
170 36.1 2330
180 39.6 2726
190 46.9 3195
200 59.3 3788
210 67.3 4461
220 76.8 5229
230 83.8 6067
240 81.1 6878
250 89.2 7770
260 65.3 8423
270 38.6 8809
280 23.2 9041
290 19.9 9240
300 20.7 9447
310 16 9607
320 16.9 9776
330 22.6 10002
340 31.6 10318
350 36.8 10686
360 70.2 11388
370 185.3 13241
380 283.9 16080
390 331 19390
400 300 22390
410 445.1 26841
420 792.8 34769
430 295.1 37720
440 163.4 39354
450 232.9 41683
460 284.7 44530
470 335.1 47881
480 357.1 51452
490 447.5 55927
500 381.2 59739
510 311.3 62852
521 207 64922
530 225.8 67180
540 361.7 70797
550 635.7 77154
560 145 78604
570 26.7 78871
580 3.7 78908
590 0.3 78911
600 0.1 78912
602 0 78912
