0 0.5 5
10 0.9 14
20 1.3 27
30 2.1 48
40 4.4 92
50 6.2 154
60 5.4 208
70 8.2 290
80 8.7 377
90 10.6 483
100 17.4 657
110 18.4 841
120 23.9 1080
130 35.1 1431
140 39.1 1822
150 36.7 2189
160 44.1 2630
170 45.7 3087
180 50.6 3593
190 62.5 4218
200 81.1 5029
210 92.2 5951
220 97.1 6922
230 104.1 7963
240 112.4 9087
250 115.1 10238
260 72.4 10962
270 32.6 11288
280 27.3 11561
290 22 11781
300 25.5 12036
310 20.8 12244
320 23.6 12480
330 31.3 12793
340 46.5 13258
350 48.9 13747
360 71.3 14460
370 85.2 15312
380 90 16212
390 94.1 17153
400 75.3 17906
410 86.6 18772
420 152.7 20299
430 110.3 21402
440 92.3 22325
450 81.6 23141
460 82.6 23967
470 78.5 24752
480 72.2 25474
490 98.3 26457
500 98.4 27441
510 97 28411
521 50.9 28920
530 71.1 29631
540 114.1 30772
550 131.9 32091
560 15.1 32242
570 1.1 32253
580 0 32253
590 0 32253
600 0 32253
602 0 32253
