0 4 4
10 8 4
20 12 4
30 24 12
40 41 17
50 32 -9
60 47 15
70 51 4
80 52 1
90 98 46
100 111 13
110 123 12
120 211 88
130 238 27
140 232 -6
150 272 40
160 291 19
170 358 67
180 331 -27
190 492 161
200 578 86
210 638 60
220 667 29
230 752 85
240 783 31
250 646 -137
260 359 -287
270 226 -133
280 176 -50
290 170 -6
300 152 -18
310 154 2
320 187 33
330 273 86
340 303 30
350 304 1
360 3929 3625
370 6630 2701
380 7780 1150
390 10357 2577
400 11079 722
410 5869 -5210
420 2438 -3431
430 2673 235
440 4800 2127
450 6814 2014
460 9106 2292
470 9592 486
480 8256 -1336
490 5453 -2803
500 4127 -1326
510 4279 152
521 6788 2509
530 6953 165
540 3781 -3172
550 1231 -2550
560 286 -945
570 40 -246
580 4 -36
590 1 -3
600 0 -1
602 0 0
