0 0.5 15.862353515625 28.904725077805875 73.669921875 1.011962890625 0 0
10 0.6 1.4183756510416667 0.23010728439353356 73.669921875 1.011962890625 15.862353515625 5
20 0.9 1.3848198784722223 0.21788017809229132 73.669921875 1.011962890625 7.983820134943182 11
30 1.7 1.3142807904411764 0.2559890694445615 73.669921875 0.7548828125 5.01427001953125 20
40 2.9 1.2815867456896555 0.20777350408023867 73.669921875 0.7548828125 3.3142749683277026 37
50 1.3 1.3343975360576923 0.1834770464698216 73.669921875 0.7548828125 2.421124082623106 66
60 4 1.42813720703125 0.8359680786065947 73.669921875 0.7548828125 2.2422956635680378 79
70 3.5 1.2873256138392857 0.20776330524511852 73.669921875 0.7548828125 1.968628955488445 119
80 3.8 1.2537456311677633 0.2302873445478378 73.669921875 0.7119140625 1.8137872869318181 154
90 7.4 1.249901024070946 0.2149679510812157 73.669921875 0.7119140625 1.7029457092285156 192
100 7.6 1.230716103001645 0.21888896104097913 73.669921875 0.7119140625 1.5769107216282894 266
110 8.2 1.3028981278582323 0.24242783290227435 73.669921875 0.7119140625 1.4999785841557018 342
120 16.7 1.2396993123128746 0.2804996584531184 73.669921875 0.7119140625 1.4618639676076062 424
130 15.3 1.198923547283497 0.2233847413038296 73.669921875 0.701904296875 1.3990864761791455 591
140 16.8 1.192388625372024 0.2240588388569841 73.669921875 0.701904296875 1.3579239383820565 744
150 18 1.2056342230902777 0.5385006512405304 73.669921875 0.677978515625 1.3274305912486293 912
160 19.2 1.1817372639973958 0.2355778859812728 73.669921875 0.677978515625 1.3073542668269231 1092
170 25.3 1.181651239809783 0.25018784874542865 73.669921875 0.674072265625 1.2885704159365265 1284
180 19.8 1.1985997672032833 0.2871104765772535 73.669921875 0.674072265625 1.2709708378232758 1537
190 38.1 1.169826397432742 0.2425554406036994 73.669921875 0.674072265625 1.2627117761617435 1735
200 38.1 1.2034550063566267 0.546917996809425 73.669921875 0.669921875 1.2459871403887048 2116
210 41.7 1.172380845323743 0.22867318567553166 73.669921875 0.669921875 1.2394974555403981 2497
220 45.6 1.1921729372258776 0.5602297754335445 73.669921875 0.669921875 1.2298929166041095 2914
230 50.1 1.1418120789670672 0.2569786452293805 73.669921875 0.658935546875 1.224788966872218 3370
240 46.8 1.1944861778846139 0.6183613841486107 73.669921875 0.658935546875 1.2140497726483792 3871
250 37.1 1.168051665683964 0.23698086344507407 73.669921875 0.658935546875 1.211939663787019 4339
260 9.6 1.2301101684570315 0.22548150994538116 73.669921875 0.658935546875 1.2084826686073518 4710
270 11.2 1.2673536028180803 0.41593151168159653 73.669921875 0.658935546875 1.2089146785918647 4806
280 9.1 1.3953763521634612 1.491189244843951 73.669921875 0.658935546875 1.2102455365652962 4918
290 11.1 1.3318442954673422 0.7131962263582904 73.669921875 0.658935546875 1.2136088634208428 5009
300 10.6 1.2887400501179243 0.2957969429171746 73.669921875 0.658935546875 1.2161721706390385 5120
310 10.3 1.3164346935679607 0.23299917272767479 73.669921875 0.658935546875 1.2176440794076495 5226
320 12.2 1.2811999711834017 0.24442204887026542 73.669921875 0.658935546875 1.2195535245678133 5329
330 20.5 1.262233231707317 0.2518520785939508 73.669921875 0.658935546875 1.220933246909971 5451
340 19.1 1.2760962041884814 0.24617337542491163 73.669921875 0.658935546875 1.2224301522995495 5656
350 20.5 1.2415277248475614 0.2359155252167122 73.669921875 0.658935546875 1.2241832249711393 5847
360 407.3 1.169681151025042 0.3979376634983097 73.669921875 0.550048828125 1.2247707369464642 6052
370 467.1 1.1988550740272401 0.8772957949490862 73.669921875 0.550048828125 1.202609760802469 10125
380 471.4 1.1958931755807178 0.5149130121324037 73.669921875 0.550048828125 1.2014244308533548 14796
390 719.2 1.1837614778682077 0.33632300865202236 73.669921875 0.550048828125 1.2000879707121344 19510
400 707.7 2.4132756061669856 12.128627506234558 283.93603515625 0.550048828125 1.195690542184926 26702
410 20 79.13133056640626 43.44662860728683 283.93603515625 0.550048828125 1.4507854087529428 33779
420 41.7 57.40415928975569 28.897237925192172 283.93603515625 0.550048828125 1.9080121968141177 33979
430 198.3 60.223694001552154 36.45001223637614 291.2841796875 0.550048828125 2.580819887759479 34396
440 365.8 44.61276180044168 25.138146815947422 291.2841796875 0.550048828125 5.7229023905124645 36379
450 439.8 41.842687671864354 23.10102884137951 291.2841796875 0.550048828125 9.276093331929681 40037
460 627.8 36.98517924852905 25.207819266473614 291.2841796875 0.550048828125 12.499405628700982 44435
470 571.5 58.23295556683348 46.41160949748907 1027.507080078125 0.550048828125 15.530614328349605 50713
480 376.7 91.50883974420124 86.67840652044273 1027.507080078125 0.550048828125 19.85548638084013 56428
490 179 130.047081223813 115.85332828809922 1132.673828125 0.550048828125 24.33954954422216 60195
500 137.5 619.675930930398 788.2409260863071 3850.0751953125 0.550048828125 27.39216681786042 61985
510 256.6 207.43942001473596 181.7087366428871 3850.0751953125 0.550048828125 40.24554711544153 63360
521 417.7 2441.193176430265 2289.692280564672 7542.534912109375 0.550048828125 46.75313862500664 65926
530 304.2 465.08747056187315 500.23462534209136 8486.656005859375 0.550048828125 189.4228679934012 70103
540 0 0 0 8486.656005859375 0.550048828125 200.8873798672585 73145
550 0 0 0 8486.656005859375 0.550048828125 200.8873798672585 73145
560 0 0 0 8486.656005859375 0.550048828125 200.8873798672585 73145
570 0 0 0 8486.656005859375 0.550048828125 200.8873798672585 73145
580 0 0 0 8486.656005859375 0.550048828125 200.8873798672585 73145
590 0 0 0 8486.656005859375 0.550048828125 200.8873798672585 73145
600 0 0 0 8486.656005859375 0.550048828125 200.8873798672585 73145
602 0 0 0 8486.656005859375 0.550048828125 200.8873798672585 73145
