0 0.1 3.761327450664573 0 3.761327450664573 3.761327450664573 0 0
10 0.1 0.2978036977292468 0.0 3.761327450664573 0.2978036977292468 3.761327450664573 1
20 0.1 0.13662899018755434 0.0 3.761327450664573 0.13662899018755434 2.02956557419691 2
30 0.1 0.13662899018755434 0.0 3.761327450664573 0.13662899018755434 1.3985867128604579 3
40 0.1 0.17391304347826086 0.0 3.761327450664573 0.13662899018755434 1.083097282192232 4
50 0.1 0.24847807181016274 0.0 3.761327450664573 0.13662899018755434 0.9012604344494377 5
60 0.1 0.3105204322444417 0.0 3.761327450664573 0.13662899018755434 0.7924633740095586 6
70 0.1 0.3230616302186879 0.0 3.761327450664573 0.13662899018755434 0.7236143823288276 7
80 0.1 0.37299515106303616 0.0 3.761327450664573 0.13662899018755434 0.6735452883150601 8
90 0.1 1.3673088875077688 0.0 3.761327450664573 0.13662899018755434 0.6401508286203907 9
100 0.1 0.6958250497017893 0.0 3.761327450664573 0.13662899018755434 0.7128666345091286 10
110 0.1 0.856929955290611 0.0 3.761327450664573 0.13662899018755434 0.7113173995266432 11
120 0.1 0.8202833706189411 0.0 3.761327450664573 0.13662899018755434 0.7234517791736405 12
130 0.1 2.5140012445550712 0.0 3.761327450664573 0.13662899018755434 0.7309003631309713 13
140 0.1 1.6558764940239044 0.0 3.761327450664573 0.13662899018755434 0.8582647118041213 14
150 0.1 1.6652168510003729 0.0 3.761327450664573 0.13662899018755434 0.9114388306187735 15
160 0.1 1.6904909881914232 0.0 3.761327450664573 0.13662899018755434 0.9585499568926235 16
170 0.1 2.0719602977667493 0.0 3.761327450664573 0.13662899018755434 1.001605311674906 17
180 0.1 2.3241362167536663 0.0 3.761327450664573 0.13662899018755434 1.0610694775688974 18
190 0.1 2.189327030725215 0.0 3.761327450664573 0.13662899018755434 1.1275466743680957 19
200 0.1 3.140578265204387 0.0 3.761327450664573 0.13662899018755434 1.1806356921859518 20
210 0.1 4.834478450968145 0.0 4.834478450968145 0.13662899018755434 1.2739662909011154 21
220 0.1 5.428392745465916 0.0 5.428392745465916 0.13662899018755434 1.4358077527223438 22
230 0.1 5.105217283028265 0.0 5.428392745465916 0.13662899018755434 1.6093984045807601 23
240 0.1 4.93672472121288 0.0 5.428392745465916 0.13662899018755434 1.7550575245160729 24
250 0.1 5.341023069207623 0.0 5.428392745465916 0.13662899018755434 1.8823242123839452 25
260 0.1 4.310883418717981 0.0 5.428392745465916 0.13662899018755434 2.015351091492548 26
270 0.1 2.332543345391044 0.0 5.428392745465916 0.13662899018755434 2.1003708073157124 27
280 0.1 1.4189693801344287 0.0 5.428392745465916 0.13662899018755434 2.1086626836755458 28
290 0.1 1.1572921851667497 0.0 5.428392745465916 0.13662899018755434 2.084880155967231 29
300 0.1 1.2551261339629676 0.0 5.428392745465916 0.13662899018755434 2.0539605569405484 30
310 0.1 3.1965174129353233 0.0 5.428392745465916 0.13662899018755434 2.028191704586433 31
320 0.1 1.0197736599925382 0.0 5.428392745465916 0.13662899018755434 2.0647018829723356 32
330 0.1 1.1926947446887812 0.0 5.428392745465916 0.13662899018755434 2.033037391366887 33
340 0.1 1.7419435112604205 0.0 5.428392745465916 0.13662899018755434 2.0083214311704722 34
350 0.1 2.068278096187391 0.0 5.428392745465916 0.13662899018755434 2.0007106334587563 35
360 0.1 3.6885245901639343 0.0 5.428392745465916 0.13662899018755434 2.0025875074234403 36
370 0.1 17.761989342806395 0.0 17.761989342806395 0.13662899018755434 2.048153374524535 37
380 0.1 25.828236493374106 0.0 25.828236493374106 0.13662899018755434 2.4616753736898467 38
390 0.1 27.368828155214647 0.0 27.368828155214647 0.13662899018755434 3.0608179665022637 39
400 0.1 37.45445407714537 0.0 37.45445407714537 0.13662899018755434 3.6685182212200735 40
410 0.1 87.17388666423977 0.0 87.17388666423977 0.13662899018755434 4.492565437218251 41
420 0.1 99.56474428726877 0.0 99.56474428726877 0.13662899018755434 6.461168323575905 42
430 0.1 99.90369567834357 0.0 99.90369567834357 0.13662899018755434 8.626367764592018 43
440 0.1 99.65724078834619 0.0 99.90369567834357 0.13662899018755434 10.700852489904554 44
450 0.1 99.33831638279622 0.0 99.90369567834357 0.13662899018755434 12.677661118758811 45
460 0.1 99.4186046511628 0.0 99.90369567834357 0.13662899018755434 14.561588407107449 46
470 0.1 98.97984267453293 0.0 99.90369567834357 0.13662899018755434 16.36705683783203 47
480 0.1 98.86629698089958 0.0 99.90369567834357 0.13662899018755434 18.0881565427633 48
490 0.1 99.73239265296193 0.0 99.90369567834357 0.13662899018755434 19.736690021092613 49
500 0.1 99.96815962640628 0.0 99.96815962640628 0.13662899018755434 21.33660407373 50
510 0.1 99.78201009637448 0.0 99.96815962640628 0.13662899018755434 22.878399280645223 51
521 0.1 99.11042580951252 0.0 99.96815962640628 0.13662899018755434 24.3573148732554 52
530 0.1 81.1554673939995 0.0 99.96815962640628 0.13662899018755434 25.767750928656476 53
540 0.1 20.10076217542953 0.0 99.96815962640628 0.13662899018755434 26.793449381718386 54
550 0.1 8.267767315877725 0.0 99.96815962640628 0.13662899018755434 26.67176415978586 55
560 0.1 2.3767825869402053 0.0 99.96815962640628 0.13662899018755434 26.34312135900179 56
570 0.1 0.4727544165215228 0.0 99.96815962640628 0.13662899018755434 25.922659275281408 57
580 0.1 0.19870839542970692 0.0 99.96815962640628 0.13662899018755434 25.48386781219934 58
590 0.1 0.2111276701440636 0.0 99.96815962640628 0.13662899018755434 25.055305788186296 59
600 0.1 0.11175959269837327 0.0 99.96815962640628 0.11175959269837327 24.641236152885593 60
