0 0.1 1
10 0.2 3
20 0.6 9
30 0.4 13
40 1.3 26
50 2.2 48
60 2.5 73
70 3.1 104
80 3.7 141
90 2.9 170
100 6.2 232
110 7.1 303
120 8.1 384
130 12.6 510
140 17.4 684
150 13.9 823
160 17.3 996
170 18.3 1179
180 23.2 1411
190 21.4 1625
200 29.8 1923
210 35.3 2276
220 42.8 2704
230 41.6 3120
240 46.7 3587
250 50.3 4090
260 37.5 4465
270 23.1 4696
280 14.4 4840
290 11.6 4956
300 12.1 5077
310 10 5177
320 9.2 5269
330 11.7 5386
340 16.2 5548
350 20.6 5754
360 47 6224
370 201 8234
380 359.8 11832
390 460.5 16437
400 659.9 23036
410 657.5 29611
420 500.6 34617
430 227.6 36893
440 179.1 38684
450 262.9 41313
460 401.2 45325
470 514.2 50467
480 546.4 55931
490 500.5 60936
500 351 64446
510 289.9 67345
521 175.1 69096
530 312.5 72221
540 312.1 75342
550 253.3 77875
560 90.9 78784
570 23.1 79015
580 3.4 79049
590 0.3 79052
600 0.1 79053
602 0 79053
