0 0.1 29462.8515625 0 29462.8515625 29462.8515625 0 0
10 0.1 29460.14453125 0.0 29462.8515625 29460.14453125 29462.8515625 1
20 0.1 29459.0 0.0 29462.8515625 29459.0 29461.498046875 2
30 0.1 29458.16015625 0.0 29462.8515625 29458.16015625 29460.665364583332 3
40 0.1 29454.59375 0.0 29462.8515625 29454.59375 29460.0390625 4
50 0.1 29448.96484375 0.0 29462.8515625 29448.96484375 29458.95 5
60 0.1 29448.59375 0.0 29462.8515625 29448.59375 29457.285807291668 6
70 0.1 29447.97265625 0.0 29462.8515625 29447.97265625 29456.044084821428 7
80 0.1 29445.328125 0.0 29462.8515625 29445.328125 29455.03515625 8
90 0.1 29444.15625 0.0 29462.8515625 29444.15625 29453.956597222223 9
100 0.1 29427.10546875 0.0 29462.8515625 29427.10546875 29452.9765625 10
110 0.1 29418.35546875 0.0 29462.8515625 29418.35546875 29450.624644886364 11
120 0.1 29420.43359375 0.0 29462.8515625 29418.35546875 29447.935546875 12
130 0.1 29395.64453125 0.0 29462.8515625 29395.64453125 29445.82001201923 13
140 0.1 29377.44921875 0.0 29462.8515625 29377.44921875 29442.23604910714 14
150 0.1 29366.35546875 0.0 29462.8515625 29366.35546875 29437.916927083334 15
160 0.1 29373.74609375 0.0 29462.8515625 29366.35546875 29433.4443359375 16
170 0.1 29372.41015625 0.0 29462.8515625 29366.35546875 29429.932674632353 17
180 0.1 29364.42578125 0.0 29462.8515625 29364.42578125 29426.736979166668 18
190 0.1 29364.13671875 0.0 29462.8515625 29364.13671875 29423.45744243421 19
200 0.1 29337.62890625 0.0 29462.8515625 29337.62890625 29420.49140625 20
210 0.1 29310.8359375 0.0 29462.8515625 29310.8359375 29416.545572916668 21
220 0.1 29282.4296875 0.0 29462.8515625 29282.4296875 29411.740589488636 22
230 0.1 29259.33203125 0.0 29462.8515625 29259.33203125 29406.118376358696 23
240 0.1 29232.72265625 0.0 29462.8515625 29232.72265625 29400.002278645832 24
250 0.1 29207.265625 0.0 29462.8515625 29207.265625 29393.31109375 25
260 0.1 29205.55859375 0.0 29462.8515625 29205.55859375 29386.155498798078 26
270 0.1 29224.89453125 0.0 29462.8515625 29205.55859375 29379.466724537036 27
280 0.1 29253.71875 0.0 29462.8515625 29205.55859375 29373.9462890625 28
290 0.1 29302.078125 0.0 29462.8515625 29205.55859375 29369.80051185345 29
300 0.1 29324.56640625 0.0 29462.8515625 29205.55859375 29367.543098958333 30
310 0.1 29347.76953125 0.0 29462.8515625 29205.55859375 29366.156754032258 31
320 0.1 29357.765625 0.0 29462.8515625 29205.55859375 29365.582153320313 32
330 0.1 29362.61328125 0.0 29462.8515625 29205.55859375 29365.345288825756 33
340 0.1 29362.3515625 0.0 29462.8515625 29205.55859375 29365.264935661766 34
350 0.1 29363.4453125 0.0 29462.8515625 29205.55859375 29365.18169642857 35
360 0.1 29309.63671875 0.0 29462.8515625 29205.55859375 29365.133463541668 36
370 0.1 28856.96875 0.0 29462.8515625 28856.96875 29363.63355152027 37
380 0.1 28624.10546875 0.0 29462.8515625 28624.10546875 29350.300267269737 38
390 0.1 28496.84375 0.0 29462.8515625 28496.84375 29331.67988782051 39
400 0.1 28196.3828125 0.0 29462.8515625 28196.3828125 29310.808984375 40
410 0.1 27900.5859375 0.0 29462.8515625 27900.5859375 29283.627858231706 41
420 0.1 27907.44921875 0.0 29462.8515625 27900.5859375 29250.698288690477 42
430 0.1 28232.91015625 0.0 29462.8515625 27900.5859375 29219.459938226744 43
440 0.1 28322.0234375 0.0 29462.8515625 27900.5859375 29197.038352272728 44
450 0.1 28386.3984375 0.0 29462.8515625 27900.5859375 29177.59357638889 45
460 0.1 28333.671875 0.0 29462.8515625 27900.5859375 29160.393682065216 46
470 0.1 28228.15234375 0.0 29462.8515625 27900.5859375 29142.80385638298 47
480 0.1 28182.35546875 0.0 29462.8515625 27900.5859375 29123.748616536457 48
490 0.1 28163.5078125 0.0 29462.8515625 27900.5859375 29104.536511479593 49
500 0.1 28143.59765625 0.0 29462.8515625 27900.5859375 29085.7159375 50
510 0.1 28149.73828125 0.0 29462.8515625 27900.5859375 29067.24303002451 51
521 0.1 28044.59375 0.0 29462.8515625 27900.5859375 29049.59870793269 52
530 0.1 27929.203125 0.0 29462.8515625 27900.5859375 29030.63635023585 53
540 0.1 28059.859375 0.0 29462.8515625 27900.5859375 29010.23943865741 54
550 0.1 28332.0625 0.0 29462.8515625 27900.5859375 28992.959801136363 55
560 0.1 28824.13671875 0.0 29462.8515625 27900.5859375 28981.158063616072 56
570 0.1 29162.0625 0.0 29462.8515625 27900.5859375 28978.403303179824 57
580 0.1 29240.109375 0.0 29462.8515625 27900.5859375 28981.569841056036 58
590 0.1 29260.05859375 0.0 29462.8515625 27900.5859375 28985.951867055086 59
600 0.1 29263.35546875 0.0 29462.8515625 27900.5859375 28990.5203125 60
