0 0.1 0.01171875 0 0.01171875 0.01171875 0 0
10 0.1 0.01171875 0.0 0.01171875 0.01171875 0.01171875 1
20 0.1 0.0 0.0 0.01171875 0.0 0.01171875 2
30 0.1 0.0 0.0 0.01171875 0.0 0.0078125 3
40 0.1 0.0 0.0 0.01171875 0.0 0.005859375 4
50 0.1 0.0 0.0 0.01171875 0.0 0.0046875 5
60 0.1 0.0 0.0 0.01171875 0.0 0.00390625 6
70 0.1 0.0 0.0 0.01171875 0.0 0.0033482142857142855 7
80 0.1 0.0 0.0 0.01171875 0.0 0.0029296875 8
90 0.1 0.0 0.0 0.01171875 0.0 0.0026041666666666665 9
100 0.1 0.0 0.0 0.01171875 0.0 0.00234375 10
110 0.1 0.0 0.0 0.01171875 0.0 0.002130681818181818 11
120 0.1 0.0 0.0 0.01171875 0.0 0.001953125 12
130 0.1 0.0 0.0 0.01171875 0.0 0.0018028846153846155 13
140 0.1 0.078125 0.0 0.078125 0.0 0.0016741071428571428 14
150 0.1 0.1484375 0.0 0.1484375 0.0 0.0067708333333333336 15
160 0.1 0.12890625 0.0 0.1484375 0.0 0.015625 16
170 0.1 0.19140625 0.0 0.19140625 0.0 0.02228860294117647 17
180 0.1 0.16015625 0.0 0.19140625 0.0 0.031684027777777776 18
190 0.1 0.2109375 0.0 0.2109375 0.0 0.03844572368421053 19
200 0.1 0.1796875 0.0 0.2109375 0.0 0.0470703125 20
210 0.1 0.1484375 0.0 0.2109375 0.0 0.053385416666666664 21
220 0.1 0.12890625 0.0 0.2109375 0.0 0.05770596590909091 22
230 0.1 0.26171875 0.0 0.26171875 0.0 0.06080163043478261 23
240 0.1 0.21875 0.0 0.26171875 0.0 0.06917317708333333 24
250 0.1 0.19140625 0.0 0.26171875 0.0 0.07515625 25
260 0.1 0.16015625 0.0 0.26171875 0.0 0.07962740384615384 26
270 0.1 0.12890625 0.0 0.26171875 0.0 0.0826099537037037 27
280 0.1 0.109375 0.0 0.26171875 0.0 0.08426339285714286 28
290 0.1 0.1015625 0.0 0.26171875 0.0 0.08512931034482758 29
300 0.1 0.078125 0.0 0.26171875 0.0 0.08567708333333333 30
310 0.1 0.0703125 0.0 0.26171875 0.0 0.08543346774193548 31
320 0.1 0.05859375 0.0 0.26171875 0.0 0.0849609375 32
330 0.1 0.05078125 0.0 0.26171875 0.0 0.08416193181818182 33
340 0.1 0.0390625 0.0 0.26171875 0.0 0.08318014705882353 34
350 0.1 0.12109375 0.0 0.26171875 0.0 0.08191964285714286 35
360 0.1 0.1796875 0.0 0.26171875 0.0 0.0830078125 36
370 0.1 0.4609375 0.0 0.4609375 0.0 0.08562077702702703 37
380 0.1 0.5390625 0.0 0.5390625 0.0 0.09549753289473684 38
390 0.1 0.609375 0.0 0.609375 0.0 0.10687099358974358 39
400 0.1 0.98046875 0.0 0.98046875 0.0 0.11943359375 40
410 0.1 2.33984375 0.0 2.33984375 0.0 0.1404344512195122 41
420 0.1 3.2109375 0.0 3.2109375 0.0 0.19280133928571427 42
430 0.1 3.94921875 0.0 3.94921875 0.0 0.2629905523255814 43
440 0.1 4.5703125 0.0 4.5703125 0.0 0.3467684659090909 44
450 0.1 5.1015625 0.0 5.1015625 0.0 0.440625 45
460 0.1 5.62109375 0.0 5.62109375 0.0 0.5419497282608695 46
470 0.1 5.98046875 0.0 5.98046875 0.0 0.6500166223404255 47
480 0.1 6.2890625 0.0 6.2890625 0.0 0.7610677083333334 48
490 0.1 6.55859375 0.0 6.55859375 0.0 0.8738839285714286 49
500 0.1 6.78125 0.0 6.78125 0.0 0.987578125 50
510 0.1 7.05078125 0.0 7.05078125 0.0 1.1011795343137254 51
521 0.1 7.33984375 0.0 7.33984375 0.0 1.2155949519230769 52
530 0.1 7.19921875 0.0 7.33984375 0.0 1.3311468160377358 53
540 0.1 6.08984375 0.0 7.33984375 0.0 1.4398148148148149 54
550 0.1 5.30078125 0.0 7.33984375 0.0 1.5243607954545455 55
560 0.1 4.48828125 0.0 7.33984375 0.0 1.591796875 56
570 0.1 3.80078125 0.0 7.33984375 0.0 1.6426123903508771 57
580 0.1 3.2109375 0.0 7.33984375 0.0 1.679822198275862 58
590 0.1 2.71875 0.0 7.33984375 0.0 1.7057733050847457 59
600 0.1 2.30078125 0.0 7.33984375 0.0 1.72265625 60
