0 1.9 48.585847553453945 46.172019742902094 123.58203125 6.44091796875 0 0
10 3.7 41.85507284628378 44.52073476744408 128.490966796875 6.44091796875 48.585847553453945 19
20 5.5 38.92831587357953 44.72093388510451 150.389892578125 6.43994140625 44.13872855050223 56
30 8.3 43.86809640907381 53.16649280534306 294.830078125 6.347900390625 41.55699253941441 111
40 16.7 54.08105614941991 69.47998160820144 428.83203125 6.344970703125 42.545763782619204 194
50 17.6 68.75717024369676 98.16872932980918 623.76318359375 6.343994140625 47.882034766707065 361
60 22.5 52.76186197916667 81.10468511027611 623.76318359375 5.8720703125 54.723792390450434 537
70 28.1 53.924186950900804 73.80596695620633 623.76318359375 5.8720703125 54.1444822296383 762
80 30.2 44.51833641608034 55.97939210542507 623.76318359375 5.8720703125 54.0851313443792 1043
90 40.6 49.492134582820206 60.24020476844246 623.76318359375 5.700927734375 51.93704802218867 1345
100 58.1 53.077769924564336 72.59456021070943 623.76318359375 5.700927734375 51.370152044813686 1751
110 62.2 50.5146672779341 68.74659571353982 623.76318359375 5.69287109375 51.79559200542052 2332
120 93.7 50.014120551794306 65.35046818472799 623.76318359375 5.69287109375 51.52587799712784 2954
130 119.1 51.64687918175377 63.040276057417124 623.76318359375 5.69287109375 51.16182846583062 3891
140 134 50.07458222802008 70.34019401003 798.14990234375 5.69287109375 51.27550327942064 5082
150 127.8 48.93611424405806 65.41000948819311 798.14990234375 5.639892578125 51.02492180809134 6422
160 149.5 51.52803371263587 66.02074095019903 798.14990234375 5.424072265625 50.67823400720374 7700
170 166.3 49.728895856039536 63.954536331914674 798.14990234375 5.424072265625 50.81640155039254 9195
180 168.6 49.04360907612321 66.89356628111993 798.14990234375 5.424072265625 50.64984030801742 10858
190 232.1 51.68517671952418 66.2983694328788 798.14990234375 5.424072265625 50.433951767123474 12544
200 283.4 54.420244150962624 69.46814357434906 798.14990234375 5.424072265625 50.62931625515052 14865
210 312.4 54.152178150133 70.49775995879861 798.14990234375 5.424072265625 51.23632736632808 17699
220 340.4 55.95202486103205 73.2976116317376 798.14990234375 5.424072265625 51.67378200055977 20823
230 371.3 59.03502402085996 76.92233982767834 798.14990234375 5.424072265625 52.27489392927763 24227
240 369.7 64.51650349681728 84.41088372900238 798.14990234375 5.424072265625 53.173260537368 27940
250 376.5 66.17529082887233 85.33229131259985 798.14990234375 5.424072265625 54.49879611978998 31637
260 218.5 51.31953538418905 71.760523874432 798.14990234375 5.424072265625 55.74059044157109 35402
270 121.4 38.58959277182858 54.3394486742693 798.14990234375 5.424072265625 55.4835865492578 37587
280 91.1 49.352460004888194 64.54572193235991 798.14990234375 5.424072265625 54.95500974851041 38801
290 82.4 45.13731962037318 57.93499588583294 798.14990234375 5.424072265625 54.826486309337376 39712
300 87.8 51.47625496067057 68.86243259546029 798.14990234375 5.424072265625 54.62952870741053 40536
310 73.1 49.618962946733966 64.77104308454066 798.14990234375 5.424072265625 54.56267753752504 41414
320 79.4 48.68607974112484 66.3169449266155 798.14990234375 5.424072265625 54.476929397392915 42145
330 117.6 45.79087839969973 56.13697539656176 798.14990234375 5.424072265625 54.36984878007354 42939
340 152 52.48210160104849 67.16202779230542 798.14990234375 5.424072265625 54.14115402392893 44115
350 164.7 52.814181709405325 68.27907324480894 798.14990234375 5.424072265625 54.08589469046167 45635
360 1022.7 405.1125235952475 532.5346862832772 3102.5380859375 0.922119140625 54.04159641035931 47282
370 2749.5 306.87257602412086 624.1768184020988 4126.419921875 0.733154296875 116.47360483199508 57509
380 3575.4 244.3432264025538 564.795680918212 4126.419921875 0.733154296875 178.05917389848017 85004
390 4243.2 202.68367003243873 477.5554880202437 4126.419921875 0.733154296875 197.68454044339356 120758
400 6011.4 155.31984528062233 432.11191047011664 4126.419921875 0.733154296875 198.98439378442157 163190
410 3211.9 292.86955438479407 558.446586484086 4126.419921875 0.733154296875 187.22978719986693 223304
420 1345.5 421.7904276371183 406.6082483893682 4126.419921875 0.733154296875 200.51380501428721 255423
430 824.4 432.13474753063747 456.9546892247345 4126.419921875 0.733154296875 211.58677103378378 268878
440 1710.3 522.5617698192591 698.5287146740839 4345.41796875 0.733154296875 218.1477713088975 277122
450 2752.7 321.0496592337174 586.4101895429786 4345.41796875 0.733154296875 235.84304742929078 294225
460 3984.4 228.75256222657006 486.40307202978335 4345.41796875 0.733154296875 243.13276871506505 321752
470 4684.1 213.5291838920081 454.7487981518809 4345.41796875 0.733154296875 241.54822423081302 361596
480 3822.3 246.11944913653306 463.78940323127256 4345.41796875 0.733154296875 238.33490156780755 408437
490 2815.1 355.1285448479841 529.5683775373948 4345.41796875 0.733154296875 239.00106545470004 446660
500 1490.4 650.2680303027907 713.281610815154 5550.06103515625 0.733154296875 245.8861306119949 474811
510 1643.2 580.2166818917768 607.9500587630932 5550.06103515625 0.733154296875 258.1931006516948 489715
521 1509 1194.3850648226535 1664.179675345028 7956.94384765625 0.733154296875 268.6475565448188 506147
530 3141 347.5774197670423 614.5615724498873 8524.044189453125 0.733154296875 295.44799281452435 521237
540 2045 434.81305228310214 746.716861748014 8524.044189453125 0.733154296875 298.41079782491727 552647
550 890.4 355.87103663578904 436.2819311179474 8524.044189453125 0.733154296875 303.27808225263175 573097
560 174.8 10.097715888470749 18.817977081503198 8524.044189453125 0.733154296875 304.08269885265076 582001
570 29.2 8.247983331549658 12.790216044962877 8524.044189453125 0.733154296875 303.2023791429444 583749
580 3.8 7.6041709498355265 3.5263618725762518 8524.044189453125 0.733154296875 303.05491229801925 584041
590 0.3 6.948893229166667 1.8184309236367837 8524.044189453125 0.733154296875 303.03569036370686 584079
600 0.1 9.767822265625 0.0 8524.044189453125 0.733154296875 303.0341695834202 584082
602 0 0 0 8524.044189453125 0.733154296875 303.03366748637694 584083
