10 0.1 289 0 289 289 0 0
20 0.1 225.0 0.0 289 225 289.0 1
30 0.1 336.0 0.0 336 225 257.0 2
40 0.1 606.0 0.0 606 225 283.3333333333333 3
50 0.1 1140.0 0.0 1140 225 364.0 4
60 0.1 1223.0 0.0 1223 225 519.2 5
70 0.1 1467.0 0.0 1467 225 636.5 6
80 0.1 1958.0 0.0 1958 225 755.1428571428571 7
90 0.1 1796.0 0.0 1958 225 905.5 8
100 0.1 3262.0 0.0 3262 225 1004.4444444444445 9
110 0.1 3938.0 0.0 3938 225 1230.2 10
120 0.1 4131.0 0.0 4131 225 1476.3636363636363 11
130 0.1 7148.0 0.0 7148 225 1697.5833333333333 12
140 0.1 8423.0 0.0 8423 225 2116.846153846154 13
150 0.1 8406.0 0.0 8423 225 2567.285714285714 14
160 0.1 8723.0 0.0 8723 225 2956.5333333333333 15
170 0.1 10305.0 0.0 10305 225 3316.9375 16
180 0.1 11572.0 0.0 11572 225 3728.0 17
190 0.1 10951.0 0.0 11572 225 4163.777777777777 18
200 0.1 16814.0 0.0 16814 225 4521.0 19
210 0.1 19555.0 0.0 19555 225 5135.65 20
220 0.1 20839.0 0.0 20839 225 5822.285714285715 21
230 0.1 23009.0 0.0 23009 225 6504.863636363636 22
240 0.1 25461.0 0.0 25461 225 7222.434782608696 23
250 0.1 26351.0 0.0 26351 225 7982.375 24
260 0.1 23375.0 0.0 26351 225 8717.12 25
270 0.1 11825.0 0.0 26351 225 9280.884615384617 26
280 0.1 6401.0 0.0 26351 225 9375.111111111113 27
290 0.1 5754.0 0.0 26351 225 9268.892857142859 28
300 0.1 5415.0 0.0 26351 225 9147.689655172417 29
310 0.1 6111.0 0.0 26351 225 9023.266666666668 30
320 0.1 5258.0 0.0 26351 225 8929.322580645163 31
330 0.1 5609.0 0.0 26351 225 8814.593750000002 32
340 0.1 8565.0 0.0 26351 225 8717.454545454548 33
350 0.1 10799.0 0.0 26351 225 8712.970588235296 34
360 0.1 16538.0 0.0 26351 225 8772.57142857143 35
370 0.1 60080.0 0.0 60080 225 8988.277777777777 36
380 0.1 71899.0 0.0 71899 225 10369.135135135135 37
390 0.1 79898.0 0.0 79898 225 11988.342105263158 38
400 0.1 106970.0 0.0 106970 225 13729.615384615385 39
410 0.1 92520.0 0.0 106970 225 16060.625 40
420 0.1 55880.0 0.0 106970 225 17925.48780487805 41
430 0.1 45423.0 0.0 106970 225 18829.166666666668 42
440 0.1 47985.0 0.0 106970 225 19447.627906976744 43
450 0.1 63437.0 0.0 106970 225 20096.204545454544 44
460 0.1 79202.0 0.0 106970 225 21059.333333333332 45
470 0.1 93825.0 0.0 106970 225 22323.304347826088 46
480 0.1 89566.0 0.0 106970 225 23844.617021276597 47
490 0.1 74244.0 0.0 106970 225 25213.8125 48
500 0.1 60322.0 0.0 106970 225 26214.428571428572 49
510 0.1 57264.0 0.0 106970 225 26896.58 50
521 0.1 55763.0 0.0 106970 225 27492.019607843136 51
530 0.1 80181.0 0.0 106970 225 28035.69230769231 52
540 0.1 46483.0 0.0 106970 225 29019.56603773585 53
550 0.1 32378.0 0.0 106970 225 29342.962962962964 54
560 0.1 5326.0 0.0 106970 225 29398.145454545454 55
570 0.1 791.0 0.0 106970 225 28968.285714285714 56
580 0.1 94.0 0.0 106970 94 28473.947368421053 57
590 0.1 15.0 0.0 106970 15 27984.637931034482 58
600 0.1 2.0 0.0 106970 2 27510.57627118644 59
