0 1.9 48.585847553453945 46.172019742902094 123.58203125 6.44091796875 0 0
10 3.7 41.85507284628378 44.52073476744408 128.490966796875 6.44091796875 48.585847553453945 19
20 5.5 38.92831587357953 44.72093388510451 150.389892578125 6.43994140625 44.13872855050223 56
30 8.5 42.83278952205881 52.4221939240679 286.778076171875 5.991943359375 41.55699253941441 111
40 17.4 51.90140647449713 64.96763785736499 381.489990234375 5.991943359375 42.11027184311224 196
50 18.7 64.70662913602943 95.2261145078458 623.76318359375 5.991943359375 46.71475137246622 370
60 23.1 51.389091458671544 79.93131700846708 623.76318359375 5.8720703125 52.75511248877918 557
70 29.3 51.71173908116467 72.22311241950231 623.76318359375 5.8720703125 52.354667237567426 788
80 31.2 43.08808859800684 54.82880564026566 623.76318359375 5.8720703125 52.18040456427787 1081
90 42.2 47.61233129998516 58.820825708132965 623.76318359375 5.700927734375 50.143934656541646 1393
100 61.4 50.84850676595581 71.75072011231576 623.76318359375 5.700927734375 49.55531944085744 1815
110 64.9 47.815562102754214 65.66720607122737 623.76318359375 5.69287109375 49.88220993802105 2429
120 97 48.30970949782538 64.0006737017118 623.76318359375 5.69287109375 49.44645475768051 3078
130 123.4 49.844333642499 61.815498053746985 623.76318359375 5.69287109375 49.174062736420765 4048
140 141 47.58484198387633 68.27764559873778 786.303955078125 5.69287109375 49.330653856848734 5282
150 132.6 47.161768756480924 63.98733634483873 786.303955078125 5.639892578125 48.96281244308736 6692
160 155.9 49.40943056195883 64.18421325729722 786.303955078125 5.424072265625 48.66495962088231 8018
170 172.3 47.994633015407324 62.564971535513486 786.303955078125 5.424072265625 48.786148949183264 9577
180 176.5 46.845156886287164 64.67644080137764 786.303955078125 5.424072265625 48.665460280696905 11300
190 239.8 50.03248546558978 65.05389914140889 786.303955078125 5.424072265625 48.419548647238564 13065
200 293.1 52.60884940213457 68.0224390215538 786.303955078125 5.424072265625 48.66968267623722 15463
210 323.9 52.22952625713951 68.96257847119217 786.303955078125 5.424072265625 49.29737092640603 18394
220 354 53.79704493290966 71.53122872690051 786.303955078125 5.424072265625 49.73638775792482 21633
230 386.4 56.7249905604013 74.8601282089945 786.303955078125 5.424072265625 50.30742523456433 25173
240 387.5 61.54934141885073 82.09302680114773 786.303955078125 5.424072265625 51.16142090970411 29037
250 393.9 63.24875035204842 83.0341187140106 786.303955078125 5.424072265625 52.384476086324895 32912
260 230.3 48.686147844693046 69.46747316168603 786.303955078125 5.424072265625 53.54575736316094 36851
270 124.8 37.54359103471808 53.16535367404256 786.303955078125 5.424072265625 53.25991988241743 39154
280 95.4 47.11442671481918 62.79171955592826 786.303955078125 5.424072265625 52.77444940071036 40402
290 84.7 43.90911886852498 56.81433653700832 786.303955078125 5.424072265625 52.64388402585931 41356
300 92.9 48.64576036270521 66.6239700201102 786.303955078125 5.424072265625 52.468580230198754 42203
310 76.1 47.65938051802725 63.09815627676759 786.303955078125 5.424072265625 52.3862422988044 43132
320 83.4 46.347156844836576 64.37562901292907 786.303955078125 5.424072265625 52.30428978211218 43893
330 120.6 44.655719814015875 55.216290026569894 786.303955078125 5.424072265625 52.1932103699073 44727
340 158.2 50.417679701080516 65.5193719403633 786.303955078125 5.424072265625 51.99530878258653 45933
350 173.1 50.25153226097635 66.30932358062992 786.303955078125 5.424072265625 51.94278201826068 47515
360 1031.2 401.98784477050265 528.7327359700879 1954.717041015625 0.922119140625 51.88333448282919 49246
370 2853.3 296.6122269779976 607.3111714965186 2807.112060546875 0.733154296875 112.50118112117313 59558
380 3729 234.1060008966884 540.7167395514888 2807.112060546875 0.733154296875 172.13542833635714 88091
390 4408.3 194.97691738254346 460.09136402385843 2807.112060546875 0.67578125 190.56631220851287 125381
400 6246.6 149.12046466168042 420.16008902443025 2807.112060546875 0.67578125 191.71365151294796 169464
410 3419.1 274.89267759921944 536.8772492001598 2973.9638671875 0.67578125 180.24197467143856 231930
420 1396.5 403.70187020634745 375.93284440796424 2973.9638671875 0.67578125 192.40261657419614 266121
430 835.9 427.4071169197305 448.80728553139085 2973.9638671875 0.67578125 202.9379310025253 280086
440 1756.4 508.47791626837954 681.8819757382006 2973.9638671875 0.67578125 209.44294209677867 288445
450 2872.1 307.6837557510435 570.6614471201615 2973.9638671875 0.67578125 226.60665390378432 306009
460 4138.6 219.93614312178755 474.0173725247922 2973.9638671875 0.67578125 233.56335166662342 334730
470 4888.5 204.46735064996315 443.5773033370445 2973.9638671875 0.67578125 232.06387902298002 376116
480 3999.9 234.63069609577173 452.43134539850615 2973.9638671875 0.67578125 228.8896363988099 425001
490 2944.8 338.8595538358271 513.8784123512655 2973.9638671875 0.67578125 229.38347865003308 465000
500 1559.6 618.2769666438373 686.9664241903231 5550.06103515625 0.67578125 235.90358078831915 494448
510 1702.2 558.6984894691655 590.8882542739607 5550.06103515625 0.67578125 247.5957001462621 510044
521 1547.4 1158.3019052056559 1645.24222175638 7956.94384765625 0.67578125 257.64300291262236 527066
530 3270.2 331.35889756629217 596.5016852667273 8524.044189453125 0.67578125 283.331055137495 542540
540 2187.4 406.79442930783875 695.914992473807 8524.044189453125 0.67578125 286.06139559091554 575242
550 929.1 336.0486670725957 390.3708914666723 8524.044189453125 0.67578125 290.4841783994887 597116
560 175.8 10.039816863978912 18.56505700038825 8524.044189453125 0.67578125 291.18228983992697 606407
570 29.2 8.247983331549658 12.790216044962877 8524.044189453125 0.67578125 290.3696017248731 608165
580 3.8 7.6041709498355265 3.5263618725762518 8524.044189453125 0.67578125 290.2342108713356 608457
590 0.3 6.948893229166667 1.8184309236367837 8524.044189453125 0.67578125 290.2165608635015 608495
600 0.1 9.767822265625 0.0 8524.044189453125 0.67578125 290.2151643050857 608498
602 0 0 0 8524.044189453125 0.67578125 290.21470342126827 608499
