10 0.1 209 0 209 209 0 0
20 0.1 149.0 0.0 209 149 209.0 1
30 0.1 220.0 0.0 220 149 179.0 2
40 0.1 402.0 0.0 402 149 192.66666666666666 3
50 0.1 732.0 0.0 732 149 245.0 4
60 0.1 774.0 0.0 774 149 342.4 5
70 0.1 990.0 0.0 990 149 414.3333333333333 6
80 0.1 1289.0 0.0 1289 149 496.57142857142856 7
90 0.1 1235.0 0.0 1289 149 595.625 8
100 0.1 2135.0 0.0 2135 149 666.6666666666666 9
110 0.1 2648.0 0.0 2648 149 813.5 10
120 0.1 2767.0 0.0 2767 149 980.2727272727273 11
130 0.1 4836.0 0.0 4836 149 1129.1666666666667 12
140 0.1 5547.0 0.0 5547 149 1414.3076923076924 13
150 0.1 5695.0 0.0 5695 149 1709.5 14
160 0.1 5963.0 0.0 5963 149 1975.2 15
170 0.1 7070.0 0.0 7070 149 2224.4375 16
180 0.1 7.9e3 0.0 7900 149 2509.470588235294 17
190 0.1 7558.0 0.0 7900 149 2808.9444444444443 18
200 0.1 11497.0 0.0 11497 149 3058.8947368421054 19
210 0.1 13181.0 0.0 13181 149 3480.8 20
220 0.1 14129.0 0.0 14129 149 3942.714285714286 21
230 0.1 15716.0 0.0 15716 149 4405.727272727273 22
240 0.1 17261.0 0.0 17261 149 4897.478260869565 23
250 0.1 17919.0 0.0 17919 149 5412.625 24
260 0.1 15303.0 0.0 17919 149 5912.88 25
270 0.1 7721.0 0.0 17919 149 6274.038461538462 26
280 0.1 4484.0 0.0 17919 149 6327.62962962963 27
290 0.1 3955.0 0.0 17919 149 6261.785714285715 28
300 0.1 3.7e3 0.0 17919 149 6182.241379310345 29
310 0.1 4115.0 0.0 17919 149 6099.5 30
320 0.1 3620.0 0.0 17919 149 6035.4838709677415 31
330 0.1 3925.0 0.0 17919 149 5960.0 32
340 0.1 5814.0 0.0 17919 149 5898.333333333333 33
350 0.1 7268.0 0.0 17919 149 5895.85294117647 34
360 0.1 12659.0 0.0 17919 149 5935.057142857143 35
370 0.1 59259.0 0.0 59259 149 6121.833333333333 36
380 0.1 88911.0 0.0 88911 149 7557.972972972973 37
390 0.1 103310.0 0.0 103310 149 9698.842105263158 38
400 0.1 144479.0 0.0 144479 149 12099.128205128205 39
410 0.1 135223.0 0.0 144479 149 15408.625 40
420 0.1 63752.0 0.0 144479 149 18330.926829268294 41
430 0.1 34465.0 0.0 144479 149 19412.380952380954 42
440 0.1 34735.0 0.0 144479 149 19762.44186046512 43
450 0.1 63291.0 0.0 144479 149 20102.727272727276 44
460 0.1 93845.0 0.0 144479 149 21062.46666666667 45
470 0.1 118752.0 0.0 144479 149 22644.69565217392 46
480 0.1 114144.0 0.0 144479 149 24689.53191489362 47
490 0.1 89715.0 0.0 144479 149 26553.16666666667 48
500 0.1 59482.0 0.0 144479 149 27842.183673469393 49
510 0.1 4.97e4 0.0 144479 149 28474.980000000003 50
521 0.1 46282.0 0.0 144479 149 28891.1568627451 51
530 0.1 87133.0 0.0 144479 149 29225.59615384616 52
540 0.1 56549.0 0.0 144479 149 30318.188679245286 53
550 0.1 30505.0 0.0 144479 149 30803.94444444445 54
560 0.1 6635.0 0.0 144479 149 30798.509090909094 55
570 0.1 1190.0 0.0 144479 149 30367.017857142862 56
580 0.1 157.0 0.0 144479 149 29855.1403508772 57
590 0.1 24.0 0.0 144479 24 29343.103448275866 58
600 0.1 4.0 0.0 144479 4 28846.169491525427 59
