0 0.1 4844.8818359375 0 4844.8818359375 4844.8818359375 0 0
10 0.2 8787.233520507813 2753.3604736328125 11540.593994140625 4844.8818359375 4844.8818359375 1
20 0.6 12356.761840820313 7530.318459643007 21860.39111328125 2058.875 7473.116292317708 3
30 0.4 12556.621948242188 825.3443940664932 21860.39111328125 2058.875 10728.879991319445 9
40 1.3 15800.044959435096 8098.093822027222 33985.953857421875 2058.875 11291.262131911059 13
50 2.2 12786.19911887429 5656.600316918042 33985.953857421875 338.862060546875 13545.653545673076 26
60 2.5 15090.925498046876 9358.538564781431 33985.953857421875 338.862060546875 13197.570266723633 48
70 3.1 13934.814145980343 9565.137497091244 40401.026123046875 338.862060546875 13845.979592519263 73
80 3.7 14697.212309966217 9926.057024652857 47583.35693359375 338.862060546875 13872.459122877855 104
90 2.9 12428.275491648707 6668.944665201939 47583.35693359375 338.862060546875 14088.883718071254 141
100 6.2 12523.929222845261 8190.684962219964 47583.35693359375 338.862060546875 13805.603491210937 170
110 7.1 13960.746303504622 8758.220949445036 47583.35693359375 338.862060546875 13463.087091906318 232
120 8.1 14931.582697362079 10541.501990559129 60732.2529296875 338.862060546875 13579.70030650526 303
130 12.6 11924.711842370412 7996.629677882188 60732.2529296875 338.862060546875 13864.86299832662 384
140 17.4 14984.042643229166 9413.33172263966 60732.2529296875 338.862060546875 13385.53153626685 510
150 13.9 14784.820324794855 9387.272385785183 60732.2529296875 231.912109375 13792.170326634458 684
160 17.3 14192.27564323293 9625.82619188243 60732.2529296875 231.912109375 13959.823242484148 823
170 18.3 14336.48478857155 9269.45284837479 60732.2529296875 231.912109375 14000.1990108873 996
180 23.2 16269.29483453159 8984.592934245165 60732.2529296875 231.912109375 14052.396039993506 1179
190 21.4 13581.616711768034 9138.362446135003 60732.2529296875 231.912109375 14416.903850293176 1411
200 29.8 13215.553164488512 8735.168992601151 60732.2529296875 231.912109375 14306.902959435096 1625
210 35.3 13991.142852005138 8914.600369429962 60732.2529296875 231.912109375 14137.78063031701 1923
220 42.8 15921.110777667749 10222.511500949684 60732.2529296875 231.912109375 14115.03760055247 2276
230 41.6 15279.132712144115 9402.506123159174 60732.2529296875 231.912109375 14400.910130066279 2704
240 46.7 15077.149108233238 9272.503803168804 60732.2529296875 231.912109375 14518.006474343325 3120
250 50.3 15498.493314041532 9098.277253469168 60732.2529296875 231.912109375 14590.802574155588 3587
260 37.5 18775.402011718747 8808.21542035932 60732.2529296875 231.912109375 14702.433000112222 4090
270 23.1 21957.07154482887 9785.005620893826 60732.2529296875 231.912109375 15044.507665140765 4465
280 14.4 19876.308441162102 11446.459580260052 60732.2529296875 231.912109375 15384.542217144162 4696
290 11.6 18517.602503283277 12319.527579044023 60732.2529296875 231.912109375 15518.181542817423 4840
300 12.1 15679.515193214102 11357.422431015246 60858.18896484375 231.912109375 15588.38590750952 4956
310 10 15555.343134765624 11028.864887509215 65439.327880859375 231.912109375 15590.557789244847 5077
320 9.2 15284.496380349865 8950.62252511304 65439.327880859375 231.912109375 15589.877575714247 5177
330 11.7 13835.038027510684 10720.345069104565 65439.327880859375 231.912109375 15584.5454310998 5269
340 16.2 13580.08961015866 9135.078919558906 65439.327880859375 231.912109375 15546.540907107983 5386
350 20.6 14359.28993239912 8602.714443191804 65439.327880859375 231.912109375 15489.121096346304 5548
360 47 8469.080159678348 8606.134593608318 65439.327880859375 156.932861328125 15448.671805457685 5754
370 201 8710.90865727517 5669.252037498871 65439.327880859375 61.968017578125 14921.613953028975 6224
380 359.8 13052.707836819061 7146.760051652237 65439.327880859375 61.968017578125 13405.51999572206 8234
390 460.5 15471.287477149923 8875.267000382908 65439.327880859375 61.968017578125 13298.233134013728 11832
400 659.9 13293.246328049514 10164.710956564864 65439.327880859375 61.968017578125 13907.037371413628 16437
410 657.5 15533.185822466136 10061.688424615684 65439.327880859375 61.968017578125 13731.20792640756 23036
420 500.6 19302.537384581836 11691.771858152002 65439.327880859375 61.968017578125 14131.329660445084 29611
430 227.6 20607.88352389742 15767.488428812232 67824.40698242188 61.968017578125 14879.143331965684 34617
440 179.1 15715.898370705536 15943.478115168376 71660.28002929688 61.968017578125 15232.560312879046 36893
450 262.9 12826.524413691048 10321.853451707362 80193.73291015625 61.968017578125 15254.938000335545 38684
460 401.2 14032.616279579228 8906.886707777241 80193.73291015625 61.968017578125 15100.403124647786 41313
470 514.2 15281.892121797584 9473.633925293192 80193.73291015625 61.968017578125 15005.886614500736 45325
480 546.4 16795.779938190863 9585.821527431823 80193.73291015625 61.968017578125 15034.008363733312 50467
490 500.5 17459.214814775085 10818.513042412806 80193.73291015625 61.968017578125 15206.118997958269 55931
500 351 19654.332641462468 12330.65168500648 80193.73291015625 61.968017578125 15391.17782300698 60936
510 289.9 19882.494556817837 13647.065795255356 80193.73291015625 61.968017578125 15623.367150704258 64446
521 175.1 20653.87400405686 13617.576206733596 80193.73291015625 61.968017578125 15806.709794557897 67345
530 312.5 18725.707560625036 10853.247854643889 80193.73291015625 61.968017578125 15929.54446705461 69096
540 312.1 23339.31011272551 8974.548396978136 80193.73291015625 61.968017578125 16050.534340739652 72221
550 253.3 30006.486413810355 7205.27893193184 80193.73291015625 61.968017578125 16352.467780047979 75342
560 90.9 37212.05355542875 6876.188231947681 80193.73291015625 61.968017578125 16796.585008931703 77875
570 23.1 46190.83678829311 6961.9676131402275 80193.73291015625 61.968017578125 17032.13614759902 78784
580 3.4 54899.50950712316 6379.850100158818 80193.73291015625 61.968017578125 17117.38147883993 79015
590 0.3 65733.14111328125 5363.006764916609 80193.73291015625 61.968017578125 17133.632062059976 79049
600 0.1 72981.2080078125 0.0 80193.73291015625 61.968017578125 17135.47639904264 79052
602 0 0 0 80193.73291015625 61.968017578125 17136.182833100913 79053
