0 11.2515625 11.2515625
10 25.24375 36.4953125
20 38.2140625 74.709375
30 54.6140625 129.3234375
40 119.05859375 248.38203125
50 140.50859375 388.890625
60 157.5375 546.428125
70 209.1890625 755.6171875
80 225.4578125 981.075
90 283.76953125 1264.84453125
100 442.471875 1707.31640625
110 459.53359375 2166.85
120 655.65390625 2822.50390625
130 879.4421875 3701.94609375
140 1018.784375 4720.73046875
150 939.89921875 5660.6296875
160 1110.61875 6771.2484375
170 1202.8375 7974.0859375
180 1294.21328125 9268.29921875
190 1635.35 10903.64921875
200 2087.5421875 12991.19140625
210 2308.37578125 15299.5671875
220 2529.50859375 17829.07578125
230 2751.875 20580.95078125
240 2798.84453125 23379.7953125
250 2909.7015625 26289.496875
260 1879.52109375 28169.01796875
270 960.86640625 29129.884375
280 713.25390625 29843.13828125
290 607.2046875 30450.34296875
300 672.63984375 31122.9828125
310 533.8453125 31656.828125
320 588.28515625 32245.11328125
330 808.2859375 33053.39921875
340 1131.08359375 34184.4828125
350 1251.21484375 35435.69765625
360 5027.92421875 40463.621875
370 14157.32109375 54620.94296875
380 18573.2046875 73194.14765625
390 20543.7125 93737.86015625
400 27010.1375 120747.99765625
410 18887.96796875 139635.965625
420 9264.76953125 148900.73515625
430 5680.82578125 154581.5609375
440 9411.134375 163992.6953125
450 15040.571875 179033.2671875
460 20399.45390625 199432.72109375
470 24139.37578125 223572.096875
480 21265.65390625 244837.75078125
490 17582.93828125 262420.6890625
500 10206.1875 272626.8765625
510 10669.75234375 283296.62890625
521 8509.5828125 291806.21171875
530 19800.07578125 311606.2875
540 15307.24765625 326913.53515625
550 6776.103125 333689.63828125
560 1487.45078125 335177.0890625
570 249.9296875 335427.01875
580 33.03359375 335460.05234375
590 2.63125 335462.68359375
600 0.9390625 335463.62265625
602 0 335463.62265625
