0 96.63203125 96.63203125
10 165.28828125 261.9203125
20 260.125 522.0453125
30 374.93671875 896.98203125
40 873.33671875 1770.31875
50 945.665625 2715.984375
60 1115.06953125 3831.05390625
70 1434.76640625 5265.8203125
80 1506.16796875 6771.98828125
90 2177.18515625 8949.1734375
100 3021.69765625 11970.87109375
110 3173.1484375 15144.01953125
120 4768.1703125 19912.18984375
130 6130.4515625 26042.64140625
140 6733.57109375 32776.2125
150 6355.1515625 39131.3640625
160 7591.92421875 46723.28828125
170 8166.3640625 54889.65234375
180 8462.68125 63352.33359375
190 11491.00625 74843.33984375
200 14261.78671875 89105.1265625
210 15242.65078125 104347.77734375
220 16808.06953125 121155.846875
230 18595.19140625 139751.03828125
240 18586.1671875 158337.20546875
250 18953.80546875 177291.0109375
260 10881.91015625 188172.92109375
270 5392.434375 193565.35546875
280 4473.64140625 198038.996875
290 4006.82265625 202045.81953125
300 4573.01875 206618.83828125
310 3745.509375 210364.34765625
320 3912.12578125 214276.4734375
330 5703.6234375 219980.096875
340 7672.39453125 227652.49140625
350 8547.56953125 236200.0609375
360 26109.225 262309.2859375
370 27854.73671875 290164.02265625
380 29121.73671875 319285.759375
390 33266.21875 352551.978125
400 38349.95078125 390901.92890625
410 24181.978125 415083.90703125
420 24115.4109375 439199.31796875
430 26600.284375 465799.60234375
440 27907.24453125 493706.846875
450 28143.87734375 521850.72421875
460 33068.61796875 554919.3421875
470 36606.3421875 591525.684375
480 31594.4828125 623120.1671875
490 28136.40546875 651256.57265625
500 23086.265625 674342.83828125
510 28084.93359375 702427.771875
521 28900.81953125 731328.59140625
530 33473.4125 764802.00390625
540 20489.8921875 785291.89609375
550 17735.1828125 803027.07890625
560 3104.6953125 806131.77421875
570 406.16015625 806537.934375
580 45.3609375 806583.2953125
590 2.90625 806586.2015625
600 0.909375 806587.1109375
602 0 806587.1109375
