0 5 5
10 9 9
20 11 12
30 27 27
40 41 41
50 32 41
60 46 47
70 53 55
80 52 56
90 97 98
100 113 114
110 123 125
120 213 215
130 238 238
140 228 257
150 277 277
160 295 302
170 361 361
180 331 362
190 497 497
200 577 591
210 639 639
220 667 684
230 752 753
240 776 791
250 625 794
260 343 794
270 226 794
280 179 794
290 166 794
300 152 794
310 154 794
320 185 794
330 275 794
340 307 794
350 303 794
360 4020 4021
370 6650 6650
380 7770 7784
390 10534 10534
400 11118 13732
410 5821 13732
420 2377 13732
430 2750 13732
440 4838 13732
450 6932 13732
460 9226 13732
470 9639 13732
480 8203 13732
490 5527 13732
500 4303 13732
510 4451 13732
521 7708 13732
530 6832 13732
540 3711 13732
550 1178 13732
560 269 13732
570 38 13732
580 4 13732
590 1 13732
600 0 13732
602 0 13732
