0 0.6 6
10 0.6 12
20 0.8 20
30 2 40
40 2.7 67
50 1.3 80
60 3.9 119
70 3.8 157
80 3.6 193
90 7.4 267
100 7.8 345
110 8.1 426
120 17.1 597
130 15.1 748
140 16.4 912
150 18.8 1100
160 19.1 1291
170 24.9 1540
180 20.2 1742
190 38 2122
200 37.8 2500
210 41.5 2915
220 45.6 3371
230 50.1 3872
240 49.1 4363
250 35.2 4715
260 9.3 4808
270 11.4 4922
280 9.7 5019
290 10.3 5122
300 10.7 5229
310 10.2 5331
320 12.3 5454
330 20.7 5661
340 19.4 5855
350 20.2 6057
360 418.7 10244
370 464 14884
380 471.8 19602
390 736.9 26971
400 718.3 34154
410 127.8 35432
420 156.2 36994
430 264.9 39643
440 387.9 43522
450 472.3 48245
460 630.6 54551
470 555.5 60106
480 402.8 64134
490 232.9 66463
500 228.6 68749
510 304.7 71796
521 500.8 76804
530 224.9 79053
540 0 79053
550 0 79053
560 0 79053
570 0 79053
580 0 79053
590 0 79053
600 0 79053
602 0 79053
