0 2.8 28
10 3.6 64
20 3 94
30 3.3 127
40 7.1 198
50 7.1 269
60 9.9 368
70 13.5 503
80 14.2 645
90 24.6 891
100 31.2 1203
110 30.6 1509
120 40.3 1912
130 51.6 2428
140 55.6 2984
150 68.2 3666
160 78 4446
170 75.1 5197
180 82.9 6026
190 91.5 6941
200 94 7881
210 79.1 8672
220 78.2 9454
230 82.3 10277
240 73.5 11012
250 81.7 11829
260 87.2 12701
270 73.1 13432
280 76.1 14193
290 86.7 15060
300 85.6 15916
310 73.5 16651
320 87.3 17524
330 86.8 18392
340 83.4 19226
350 79.4 20020
360 81.2 20832
370 87.5 21707
380 76.9 22476
390 79.9 23275
400 81.3 24088
410 88.4 24972
420 83.8 25810
430 89.7 26707
440 83.1 27538
450 72.1 28259
460 79.1 29050
470 78.7 29837
480 83.9 30676
490 85.5 31531
500 89.6 32427
510 73.9 33166
520 82.1 33987
530 78.4 34771
540 50.6 35277
550 54 35817
560 8.3 35900
570 1.4 35914
580 0 35914
588 0 35914
