0 1.4 14
10 2.1 35
20 2.1 56
30 1.6 72
40 3.8 110
50 4.5 155
60 5.1 206
70 8.3 289
80 7.4 363
90 13.5 498
100 18.9 687
110 17.3 860
120 22.1 1081
130 27.7 1358
140 33.8 1696
150 40.8 2104
160 39.1 2495
170 43.5 2930
180 47.1 3401
190 50 3901
200 44.4 4345
210 49.8 4843
220 50.9 5352
230 55.4 5906
240 55 6456
250 62.6 7082
260 64.4 7726
270 56.5 8291
280 58.5 8876
290 60.8 9484
300 60.8 10092
310 59 10682
320 65.9 11341
330 67.7 12018
340 63.3 12651
350 63.5 13286
360 70.5 13991
370 68.1 14672
380 63.8 15310
390 67.5 15985
400 63.4 16619
410 75.2 17371
420 68.5 18056
430 69.2 18748
440 67 19418
450 63.3 20051
460 73.4 20785
470 71.8 21503
480 83.2 22335
490 74.2 23077
500 84.3 23920
510 83.9 24759
520 87.9 25638
530 85.1 26489
540 82.9 27318
550 137.5 28693
560 50.3 29196
570 9.7 29293
580 1.4 29307
588 0.1 29308
