0 0.2 2
10 0.1 3
20 0 3
30 0 3
40 0.3 6
50 0.4 10
60 0.4 14
70 0.4 18
80 1 28
90 0.5 33
100 1.1 44
110 1.1 55
120 1.2 67
130 2.2 89
140 2 109
150 2.5 134
160 3.6 170
170 3 200
180 2.4 224
190 1.9 243
200 2.5 268
210 1.3 281
220 2 301
230 1.2 313
240 1.2 325
250 1.3 338
260 1.9 357
270 1.2 369
280 2.1 390
290 1.1 401
300 1.2 413
310 1.7 430
320 0.8 438
330 1.2 450
340 1.3 463
350 1.3 476
360 1 486
370 0.9 495
380 1 505
390 0.9 514
400 0.7 521
410 0.7 528
420 0.7 535
430 0.9 544
440 1 554
450 0.6 560
460 0.4 564
470 0.3 567
480 1.3 580
490 0.9 589
500 0.6 595
510 0.3 598
520 0.1 599
530 0.1 600
540 0.6 606
550 2.9 635
560 0 635
570 0 635
580 0 635
588 0 635
