200 37.4 374
210 122.1 1595
220 123.3 2828
230 170.3 4531
240 172.6 6257
250 176.8 8025
260 195.6 9981
270 226.7 12248
280 219.7 14445
290 217.7 16622
300 285.7 19479
310 325.2 22731
320 269.8 25429
330 305.1 28480
340 334.2 31822
350 338.9 35211
360 342.2 38633
370 381 42443
380 426.1 46704
390 402.7 50731
400 466.2 55393
410 461 60003
420 433.8 64341
430 560.5 69946
440 729.5 77241
450 781.5 85056
460 771.8 92774
470 1011.9 102893
480 1000.9 112902
490 956.8 122470
500 1532.4 137794
510 2175.1 159545
520 2232.8 181873
530 2092.4 202797
540 467.6 207473
550 11.5 207588
560 0 207588
570 0 207588
580 0 207588
588 0 207588
