0 5 5
10 5 0
20 3 -2
30 9 6
40 16 7
50 12 -4
60 16 4
70 19 3
80 29 10
90 51 22
100 59 8
110 55 -4
120 77 22
130 107 30
140 113 6
150 137 24
160 174 37
170 165 -9
180 243 78
190 434 191
200 646 212
210 676 30
220 720 44
230 765 45
240 779 14
250 779 0
260 808 29
270 831 23
280 815 -16
290 889 74
300 919 30
310 892 -27
320 904 12
330 939 35
340 988 49
350 940 -48
360 1000 60
370 1000 0
380 1046 46
390 1088 42
400 1136 48
410 1086 -50
420 1056 -30
430 1307 251
440 1414 107
450 1422 8
460 1589 167
470 1696 107
480 1722 26
490 1745 23
500 2696 951
510 2927 231
520 3069 142
530 2197 -872
540 928 -1269
550 349 -579
560 92 -257
570 15 -77
580 1 -14
588 0 -1
