0 1.2 7.20989990234375 19.57004758210739 72.110107421875 0.9541015625 0 0
10 0.9 1.2534722222222223 0.21352680364778354 72.110107421875 0.9541015625 7.20989990234375 12
20 0.9 1.2569715711805556 0.22393908487775543 72.110107421875 0.953125 4.657145182291667 21
30 1.2 1.2109171549479167 0.2333959360312287 72.110107421875 0.839111328125 3.637093098958333 30
40 1.9 1.2106034128289473 0.281264591513646 72.110107421875 0.780029296875 2.9438999720982144 42
50 1.5 1.2564615885416666 0.25591151928359906 72.110107421875 0.780029296875 2.404020715932377 61
60 2.6 1.4755765474759615 1.4766041590749295 72.110107421875 0.780029296875 2.1775287828947367 76
70 3.9 1.1505596454326923 0.22762069776756014 72.110107421875 0.695068359375 1.9985997817095589 102
80 4.4 1.1469615589488635 0.2363286520899503 72.110107421875 0.695068359375 1.7640354886968086 141
90 7.7 1.1752580915178574 0.257613027854341 72.110107421875 0.695068359375 1.6172719594594596 185
100 8.4 1.2500930059523807 0.3179843975611041 72.110107421875 0.695068359375 1.4873671204079197 262
110 7.3 1.1904096211472606 0.2383714278794941 72.110107421875 0.695068359375 1.4297630001354769 346
120 11.3 1.3462627039546462 0.8343308519967891 72.110107421875 0.695068359375 1.3880618147747614 419
130 14.5 1.2175949622844828 0.44827504582925226 72.110107421875 0.695068359375 1.3791834322133458 532
140 15.1 1.1861693527524833 0.236448154971532 72.110107421875 0.695068359375 1.3445743803083456 677
150 19.5 1.1383814102564092 0.2359623397493507 72.110107421875 0.695068359375 1.3156865069255737 828
160 20.5 1.1798018292682935 0.2315476175515436 72.110107421875 0.695068359375 1.2818893477364368 1023
170 18.8 1.1570642349567821 0.3424348899418889 72.110107421875 0.695068359375 1.2648470502722924 1228
180 26.9 1.144286201789033 0.3449854804650029 72.110107421875 0.68701171875 1.2505369024761652 1416
190 38.5 1.2013798701298701 0.4054127262480431 72.110107421875 0.64892578125 1.23357462444362 1685
200 43.1 1.2177604091139786 0.8507172907742322 72.110107421875 0.64892578125 1.2275867112016907 2070
210 38.3 1.266963630058747 1.2179441017452064 72.110107421875 0.64892578125 1.225893334072621 2501
220 44.2 1.191541576817025 0.30619102135140835 72.110107421875 0.64892578125 1.2313475377351335 2884
230 51.1 1.1751625374571917 0.23676841678594848 72.110107421875 0.64892578125 1.2260576295193175 3326
240 47.4 1.2037415323378169 0.35803752708709075 72.110107421875 0.64892578125 1.2192795758201393 3837
250 51.2 1.191518783569335 0.24903953238879142 72.110107421875 0.64892578125 1.2175711479355138 4311
260 58.1 1.158188417733434 0.2437798019276478 72.110107421875 0.64892578125 1.2148054812227866 4823
270 56.5 1.1764216330199122 0.24987986781968088 72.110107421875 0.64892578125 1.2087184135160298 5404
280 56.1 1.1485928622159094 0.24900597897271723 72.110107421875 0.64892578125 1.205661338464881 5969
290 62.6 1.1283922286841048 0.31093875214099453 72.110107421875 0.613037109375 1.2007585183767229 6530
300 73 1.112205024614724 0.2524682596356294 72.110107421875 0.613037109375 1.1944279849296044 7156
310 70.4 1.1120726845481168 0.24246752456180679 72.110107421875 0.613037109375 1.1868166786869132 7886
320 72.6 1.0941061224819222 0.24941662174785 72.110107421875 0.613037109375 1.1806909776538852 8590
330 77.2 1.1393030986884707 0.6076415480210013 72.110107421875 0.613037109375 1.173943381598191 9316
340 82 2.3388192525724065 34.7761333459022 997.510009765625 0.613037109375 1.171292479694315 10088
350 73.4 1.1318695317821876 0.27070223828210904 997.510009765625 0.613037109375 1.2590603522429062 10908
360 84.1 1.1410563828403706 0.37611972627406626 997.510009765625 0.613037109375 1.2510412780101139 11642
370 88.4 1.1160673253676467 0.2867536780157428 997.510009765625 0.613037109375 1.2436314168519185 12483
380 90 1.1057427300347225 0.2537358964921259 997.510009765625 0.60595703125 1.2351952189861222 13367
390 91.7 1.1048201932251902 0.25274461117540614 997.510009765625 0.60595703125 1.2270290144542473 14267
400 102.3 1.145874142763322 0.2716024101927932 997.510009765625 0.591064453125 1.2196485159645842 15184
410 96.4 1.1710747050051857 0.2471110315517147 997.510009765625 0.591064453125 1.2149918130717052 16207
420 92.3 1.1416899080782765 0.2704570639315408 997.510009765625 0.591064453125 1.2125262553187424 17171
430 134.9 1.13762816930365 0.4255833175539705 997.510009765625 0.591064453125 1.208912795138409 18094
440 146.1 1.1285666923340163 0.39469618418186053 997.510009765625 0.591064453125 1.2039669040593015 19443
450 144.5 1.1631824110618505 0.6155987196224209 997.510009765625 0.591064453125 1.1986971131422215 20904
460 161.7 1.1493947365878185 0.39835337080878547 997.510009765625 0.591064453125 1.1964008697082362 22349
470 192 1.1371485392252587 0.5108528315738529 997.510009765625 0.591064453125 1.1932293384866843 23966
480 185.4 1.1380558610605447 0.3670684125820982 997.510009765625 0.591064453125 1.1890697489563613 25886
490 183.2 1.1282311318743181 0.2826800290131623 997.510009765625 0.591064453125 1.1856602410919472 27740
500 346.8 1.120889947488649 0.3137011968290078 997.510009765625 0.590087890625 1.1821024794225743 29572
510 385.4 1.1164304993594298 0.25100180708214415 997.510009765625 0.587890625 1.1756773867849577 33040
520 391.5 1.1686650652538257 0.8079304360977215 997.510009765625 0.587890625 1.1694883721989007 36894
530 286.2 1.4800617636541342 18.65964390679968 999.427001953125 0.587890625 1.1694093884774184 40809
540 0 0 0 999.427001953125 0.587890625 1.1897681413742094 43671
550 0 0 0 999.427001953125 0.587890625 1.1897681413742094 43671
560 0 0 0 999.427001953125 0.587890625 1.1897681413742094 43671
570 0 0 0 999.427001953125 0.587890625 1.1897681413742094 43671
580 0 0 0 999.427001953125 0.587890625 1.1897681413742094 43671
588 0 0 0 999.427001953125 0.587890625 1.1897681413742094 43671
