0 0.1 1.1837761881538444 0 1.1837761881538444 1.1837761881538444 0 0
10 0.1 0.22357471121599803 0.0 1.1837761881538444 0.22357471121599803 1.1837761881538444 1
20 0.1 0.1490127902644977 0.0 1.1837761881538444 0.1490127902644977 0.7036754496849212 2
30 0.1 0.16133035492678086 0.0 1.1837761881538444 0.1490127902644977 0.5187878965447801 3
40 0.1 0.09941593140300733 0.0 1.1837761881538444 0.09941593140300733 0.42942351114028027 4
50 0.1 0.1614305227865392 0.0 1.1837761881538444 0.09941593140300733 0.3634219951928257 5
60 0.1 0.13667992047713717 0.0 1.1837761881538444 0.09941593140300733 0.32975674979177794 6
70 0.1 1.242544731610338 0.0 1.242544731610338 0.09941593140300733 0.3021743456039721 7
80 0.1 1.342281879194631 0.0 1.342281879194631 0.09941593140300733 0.4197206438547678 8
90 0.1 0.28578528827037775 0.0 1.342281879194631 0.09941593140300733 0.5222274477814193 9
100 0.1 0.5220633934120571 0.0 1.342281879194631 0.09941593140300733 0.4985832318303151 10
110 0.1 0.4975124378109453 0.0 1.342281879194631 0.09941593140300733 0.5007177919741098 11
120 0.1 0.4478726051256532 0.0 1.342281879194631 0.09941593140300733 0.5004506791271794 12
130 0.1 0.6222000995520159 0.0 1.342281879194631 0.09941593140300733 0.4964062118962928 13
140 0.1 0.797011207970112 0.0 1.342281879194631 0.09941593140300733 0.5053914895859873 14
150 0.1 1.2182993535554452 0.0 1.342281879194631 0.09941593140300733 0.5248328041449289 15
160 0.1 1.773093614383137 0.0 1.773093614383137 0.09941593140300733 0.5681744634830862 16
170 0.1 2.128712871287129 0.0 2.128712871287129 0.09941593140300733 0.639052060594854 17
180 0.1 1.9700161070499318 0.0 2.128712871287129 0.09941593140300733 0.7218109945222024 18
190 0.1 2.2078888613247334 0.0 2.2078888613247334 0.09941593140300733 0.7875060004447146 19
200 0.1 3.4134319162045594 0.0 3.4134319162045594 0.09941593140300733 0.8585251434887156 20
210 0.1 3.349814585908529 0.0 3.4134319162045594 0.09941593140300733 0.9801873707608986 21
220 0.1 3.548905651044887 0.0 3.548905651044887 0.09941593140300733 1.0878976987221545 22
230 0.1 4.352637403172261 0.0 4.352637403172261 0.09941593140300733 1.1948980444753168 23
240 0.1 5.084121331204716 0.0 5.084121331204716 0.09941593140300733 1.326470517754356 24
250 0.1 4.537025590307826 0.0 5.084121331204716 0.09941593140300733 1.4767765502923702 25
260 0.1 6.664203005666421 0.0 6.664203005666421 0.09941593140300733 1.594478436446811 26
270 0.1 5.080147965474723 0.0 6.664203005666421 0.09941593140300733 1.7822460130845743 27
280 0.1 5.230769230769231 0.0 6.664203005666421 0.09941593140300733 1.9000282256699368 28
290 0.1 5.141451414514145 0.0 6.664203005666421 0.09941593140300733 2.014881363776809 29
300 0.1 5.855634667321385 0.0 6.664203005666421 0.09941593140300733 2.1191003654680536 30
310 0.1 6.196975285872372 0.0 6.664203005666421 0.09941593140300733 2.2396337300439675 31
320 0.1 5.919271474280088 0.0 6.664203005666421 0.09941593140300733 2.363300653663605 32
330 0.1 6.364193746167995 0.0 6.664203005666421 0.09941593140300733 2.4710573451974382 33
340 0.1 6.9206271435570805 0.0 6.9206271435570805 0.09941593140300733 2.58556135699069 34
350 0.1 7.290519877675841 0.0 7.290519877675841 0.09941593140300733 2.7094203794640155 35
360 0.1 7.809268945383774 0.0 7.809268945383774 0.09941593140300733 2.836673143303233 36
370 0.1 8.360715589631253 0.0 8.360715589631253 0.09941593140300733 2.971067624440545 37
380 0.1 8.754863813229571 0.0 8.754863813229571 0.09941593140300733 3.1129004656297745 38
390 0.1 9.19442761962447 0.0 9.19442761962447 0.09941593140300733 3.2575661924913075 39
400 0.1 8.377091219929174 0.0 9.19442761962447 0.09941593140300733 3.4059877281696367 40
410 0.1 9.523231833070483 0.0 9.523231833070483 0.09941593140300733 3.5272341547979185 41
420 0.1 10.033849129593811 0.0 10.033849129593811 0.09941593140300733 3.669996004280598 42
430 0.1 9.822184589331075 0.0 10.033849129593811 0.09941593140300733 3.817992588590208 43
440 0.1 12.6871930034743 0.0 12.6871930034743 0.09941593140300733 3.9544514976979546 44
450 0.1 13.362895493767976 0.0 13.362895493767976 0.09941593140300733 4.14851242004854 45
460 0.1 13.96208417789436 0.0 13.96208417789436 0.09941593140300733 4.34882509556418 46
470 0.1 14.813490644738412 0.0 14.813490644738412 0.09941593140300733 4.553362522847801 47
480 0.1 16.690374585111428 0.0 16.690374585111428 0.09941593140300733 4.767115192053856 48
490 0.1 16.59352389989325 0.0 16.690374585111428 0.09941593140300733 5.01044701640197 49
500 0.1 17.309056514542444 0.0 17.309056514542444 0.09941593140300733 5.2421085540717955 50
510 0.1 24.187347081440056 0.0 24.187347081440056 0.09941593140300733 5.478715376826122 51
520 0.1 26.85142594296228 0.0 26.85142594296228 0.09941593140300733 5.838496755761005 52
530 0.1 28.380843785632837 0.0 28.380843785632837 0.09941593140300733 6.234967117783671 53
540 0.1 17.69094138543517 0.0 28.380843785632837 0.09941593140300733 6.645075944966063 54
550 0.1 3.1930693069306932 0.0 28.380843785632837 0.09941593140300733 6.8459098620655014 55
560 0.1 1.6652168510003729 0.0 28.380843785632837 0.09941593140300733 6.780680566438094 56
570 0.1 0.27352977744622653 0.0 28.380843785632837 0.09941593140300733 6.690935588974274 57
580 0.1 0.12419274714356682 0.0 28.380843785632837 0.09941593140300733 6.580290661189308 58
588 0.1 1.2549701789264414 0.0 28.380843785632837 0.09941593140300733 6.470865272815652 59
