0 0.2 2
10 0.2 4
20 0.3 7
30 0.2 9
40 0.1 10
50 0.1 11
60 0.1 12
70 0.4 16
80 0.5 21
90 1 31
100 0.9 40
110 0.9 49
120 1.1 60
130 1.5 75
140 1.9 94
150 2.6 120
160 1.9 139
170 3 169
180 3.5 204
190 4.6 250
200 5.8 308
210 5.2 360
220 4.7 407
230 7 477
240 5.4 531
250 6.6 597
260 9.2 689
270 6.9 758
280 8.3 841
290 7.7 918
300 9.7 1015
310 11 1125
320 11.2 1237
330 12.7 1364
340 12.2 1486
350 11.1 1597
360 11.4 1711
370 13.9 1850
380 12.3 1973
390 12.9 2102
400 15 2252
410 15.3 2405
420 11.8 2523
430 17.8 2701
440 20.8 2909
450 21 3119
460 20.3 3322
470 27.8 3600
480 24.9 3849
490 30 4149
500 42.6 4575
510 55.5 5130
520 57.3 5703
530 49 6193
540 2.8 6221
550 0 6221
560 0 6221
570 0 6221
580 0 6221
588 0 6221
