0 0.7 7
10 0.9 16
20 1.1 27
30 0.6 33
40 1.2 45
50 1.9 64
60 2.2 86
70 3.7 123
80 3.4 157
90 5.7 214
100 7.5 289
110 7.7 366
120 9.3 459
130 11.4 573
140 14.8 721
150 16.7 888
160 17 1058
170 19.3 1251
180 19.2 1443
190 19.3 1636
200 21.9 1855
210 35.4 2209
220 39.7 2606
230 46.8 3074
240 48.3 3557
250 50.6 4063
260 56.2 4625
270 53.9 5164
280 58.2 5746
290 55.7 6303
300 68.7 6990
310 73.7 7727
320 70.7 8434
330 73.6 9170
340 78.1 9951
350 77.4 10725
360 78.1 11506
370 88.2 12388
380 85 13238
390 87.1 14109
400 97.7 15086
410 101.8 16104
420 94.2 17046
430 110.1 18147
440 135.6 19503
450 143.7 20940
460 145 22390
470 180.3 24193
480 182.6 26019
490 191.6 27935
500 256.3 30498
510 364.2 34140
520 375 37890
530 370.3 41593
540 117.2 42765
550 56.6 43331
560 25.4 43585
570 7.2 43657
580 1.3 43670
588 0.1 43671
