0 0.1 29465.85546875 0 29465.85546875 29465.85546875 0 0
10 0.1 29463.65625 0.0 29465.85546875 29463.65625 29465.85546875 1
20 0.1 29462.7109375 0.0 29465.85546875 29462.7109375 29464.755859375 2
30 0.1 29462.48828125 0.0 29465.85546875 29462.48828125 29464.07421875 3
40 0.1 29462.88671875 0.0 29465.85546875 29462.48828125 29463.677734375 4
50 0.1 29461.80859375 0.0 29465.85546875 29461.80859375 29463.51953125 5
60 0.1 29460.92578125 0.0 29465.85546875 29460.92578125 29463.234375 6
70 0.1 29457.66015625 0.0 29465.85546875 29457.66015625 29462.90457589286 7
80 0.1 29457.78515625 0.0 29465.85546875 29457.66015625 29462.2490234375 8
90 0.1 29455.93359375 0.0 29465.85546875 29455.93359375 29461.753038194445 9
100 0.1 29448.05859375 0.0 29465.85546875 29448.05859375 29461.17109375 10
110 0.1 29445.05859375 0.0 29465.85546875 29445.05859375 29459.979048295456 11
120 0.1 29444.48828125 0.0 29465.85546875 29444.48828125 29458.735677083332 12
130 0.1 29440.48046875 0.0 29465.85546875 29440.48046875 29457.63972355769 13
140 0.1 29437.48828125 0.0 29465.85546875 29437.48828125 29456.4140625 14
150 0.1 29429.046875 0.0 29465.85546875 29429.046875 29455.15234375 15
160 0.1 29424.9921875 0.0 29465.85546875 29424.9921875 29453.520751953125 16
170 0.1 29416.8125 0.0 29465.85546875 29416.8125 29451.84260110294 17
180 0.1 29411.26953125 0.0 29465.85546875 29411.26953125 29449.896484375 18
190 0.1 29405.41796875 0.0 29465.85546875 29405.41796875 29447.863486842107 19
200 0.1 29374.9609375 0.0 29465.85546875 29374.9609375 29445.7412109375 20
210 0.1 29333.94921875 0.0 29465.85546875 29333.94921875 29442.37072172619 21
220 0.1 29324.046875 0.0 29465.85546875 29324.046875 29437.442471590908 22
230 0.1 29319.265625 0.0 29465.85546875 29319.265625 29432.512228260868 23
240 0.1 29307.484375 0.0 29465.85546875 29307.484375 29427.793619791668 24
250 0.1 29303.98828125 0.0 29465.85546875 29303.98828125 29422.98125 25
260 0.1 29300.5390625 0.0 29465.85546875 29300.5390625 29418.40459735577 26
270 0.1 29301.96484375 0.0 29465.85546875 29300.5390625 29414.039207175927 27
280 0.1 29298.68359375 0.0 29465.85546875 29298.68359375 29410.036551339286 28
290 0.1 29298.46484375 0.0 29465.85546875 29298.46484375 29406.196794181036 29
300 0.1 29290.04296875 0.0 29465.85546875 29290.04296875 29402.605729166666 30
310 0.1 29291.65625 0.0 29465.85546875 29290.04296875 29398.974672379034 31
320 0.1 29294.984375 0.0 29465.85546875 29290.04296875 29395.620971679688 32
330 0.1 29294.046875 0.0 29465.85546875 29290.04296875 29392.571377840908 33
340 0.1 29291.0234375 0.0 29465.85546875 29290.04296875 29389.673598345587 34
350 0.1 29289.53515625 0.0 29465.85546875 29289.53515625 29386.85502232143 35
360 0.1 29284.34375 0.0 29465.85546875 29284.34375 29384.151692708332 36
370 0.1 29273.80859375 0.0 29465.85546875 29273.80859375 29381.454180743243 37
380 0.1 29264.44140625 0.0 29465.85546875 29264.44140625 29378.621402138157 38
390 0.1 29263.62109375 0.0 29465.85546875 29263.62109375 29375.6937099359 39
400 0.1 29263.8828125 0.0 29465.85546875 29263.62109375 29372.89189453125 40
410 0.1 29261.3984375 0.0 29465.85546875 29261.3984375 29370.233136432926 41
420 0.1 29262.359375 0.0 29465.85546875 29261.3984375 29367.64183407738 42
430 0.1 29265.2421875 0.0 29465.85546875 29261.3984375 29365.19340479651 43
440 0.1 29262.0 0.0 29465.85546875 29261.3984375 29362.921786221592 44
450 0.1 29254.8125 0.0 29465.85546875 29254.8125 29360.67907986111 45
460 0.1 29254.2890625 0.0 29465.85546875 29254.2890625 29358.377632472828 46
470 0.1 29249.515625 0.0 29465.85546875 29249.515625 29356.162982047874 47
480 0.1 29240.828125 0.0 29465.85546875 29240.828125 29353.941162109375 48
490 0.1 29236.75390625 0.0 29465.85546875 29236.75390625 29351.632732780614 49
500 0.1 29225.328125 0.0 29465.85546875 29225.328125 29349.33515625 50
510 0.1 29146.90625 0.0 29465.85546875 29146.90625 29346.903645833332 51
520 0.1 29110.87109375 0.0 29465.85546875 29110.87109375 29343.05754206731 52
530 0.1 29078.16015625 0.0 29465.85546875 29078.16015625 29338.67666568396 53
540 0.1 29069.47265625 0.0 29465.85546875 29069.47265625 29333.85228587963 54
550 0.1 29075.12890625 0.0 29465.85546875 29069.47265625 29329.045383522727 55
560 0.1 29180.77734375 0.0 29465.85546875 29069.47265625 29324.511160714286 56
570 0.1 29281.5078125 0.0 29465.85546875 29069.47265625 29321.98951480263 57
580 0.1 29327.33984375 0.0 29465.85546875 29069.47265625 29321.291554418105 58
588 0.1 29333.4765625 0.0 29465.85546875 29069.47265625 29321.39406779661 59
