0 0.1 0.0 0 0.0 0.0 0 0
10 0.1 0.0 0.0 0.0 0.0 0.0 1
20 0.1 0.0 0.0 0.0 0.0 0.0 2
30 0.1 0.0 0.0 0.0 0.0 0.0 3
40 0.1 0.0 0.0 0.0 0.0 0.0 4
50 0.1 0.0 0.0 0.0 0.0 0.0 5
60 0.1 0.0 0.0 0.0 0.0 0.0 6
70 0.1 0.0 0.0 0.0 0.0 0.0 7
80 0.1 0.0 0.0 0.0 0.0 0.0 8
90 0.1 0.0 0.0 0.0 0.0 0.0 9
100 0.1 0.078125 0.0 0.078125 0.0 0.0 10
110 0.1 0.140625 0.0 0.140625 0.0 0.007102272727272727 11
120 0.1 0.12109375 0.0 0.140625 0.0 0.018229166666666668 12
130 0.1 0.1015625 0.0 0.140625 0.0 0.026141826923076924 13
140 0.1 0.08984375 0.0 0.140625 0.0 0.031529017857142856 14
150 0.1 0.0703125 0.0 0.140625 0.0 0.035416666666666666 15
160 0.1 0.05859375 0.0 0.140625 0.0 0.03759765625 16
170 0.1 0.05078125 0.0 0.140625 0.0 0.038832720588235295 17
180 0.1 0.0390625 0.0 0.140625 0.0 0.039496527777777776 18
190 0.1 0.0390625 0.0 0.140625 0.0 0.039473684210526314 19
200 0.1 0.03125 0.0 0.140625 0.0 0.039453125 20
210 0.1 0.03125 0.0 0.140625 0.0 0.0390625 21
220 0.1 0.1015625 0.0 0.140625 0.0 0.03870738636363636 22
230 0.1 0.08984375 0.0 0.140625 0.0 0.041440217391304345 23
240 0.1 0.0703125 0.0 0.140625 0.0 0.04345703125 24
250 0.1 0.140625 0.0 0.140625 0.0 0.04453125 25
260 0.1 0.19921875 0.0 0.19921875 0.0 0.048227163461538464 26
270 0.1 0.23828125 0.0 0.23828125 0.0 0.05381944444444445 27
280 0.1 0.28125 0.0 0.28125 0.0 0.06040736607142857 28
290 0.1 0.23046875 0.0 0.28125 0.0 0.06802262931034483 29
300 0.1 0.19921875 0.0 0.28125 0.0 0.0734375 30
310 0.1 0.171875 0.0 0.28125 0.0 0.07749495967741936 31
320 0.1 0.30078125 0.0 0.30078125 0.0 0.0804443359375 32
330 0.1 0.3203125 0.0 0.3203125 0.0 0.08712121212121213 33
340 0.1 0.5 0.0 0.5 0.0 0.0939797794117647 34
350 0.1 0.578125 0.0 0.578125 0.0 0.10558035714285714 35
360 0.1 0.51953125 0.0 0.578125 0.0 0.11870659722222222 36
370 0.1 0.44140625 0.0 0.578125 0.0 0.12953969594594594 37
380 0.1 0.44921875 0.0 0.578125 0.0 0.1377467105263158 38
390 0.1 0.53125 0.0 0.578125 0.0 0.14573317307692307 39
400 0.1 0.53125 0.0 0.578125 0.0 0.15537109375 40
410 0.1 0.609375 0.0 0.609375 0.0 0.16453887195121952 41
420 0.1 0.58984375 0.0 0.609375 0.0 0.17513020833333334 42
430 0.1 0.578125 0.0 0.609375 0.0 0.1847747093023256 43
440 0.1 0.6484375 0.0 0.6484375 0.0 0.19371448863636365 44
450 0.1 0.7109375 0.0 0.7109375 0.0 0.20381944444444444 45
460 0.1 0.6015625 0.0 0.7109375 0.0 0.21484375 46
470 0.1 0.671875 0.0 0.7109375 0.0 0.2230718085106383 47
480 0.1 0.87890625 0.0 0.87890625 0.0 0.232421875 48
490 0.1 0.8203125 0.0 0.87890625 0.0 0.24561543367346939 49
500 0.1 1.08984375 0.0 1.08984375 0.0 0.257109375 50
510 0.1 1.37109375 0.0 1.37109375 0.0 0.27343749999999994 51
520 0.1 1.46875 0.0 1.46875 0.0 0.29454627403846145 52
530 0.1 1.76953125 0.0 1.76953125 0.0 0.31670106132075465 53
540 0.1 1.87890625 0.0 1.87890625 0.0 0.343605324074074 54
550 0.1 1.671875 0.0 1.87890625 0.0 0.3715198863636363 55
560 0.1 1.41015625 0.0 1.87890625 0.0 0.3947405133928571 56
570 0.1 1.19140625 0.0 1.87890625 0.0 0.41255482456140347 57
580 0.1 1.01171875 0.0 1.87890625 0.0 0.42598329741379304 58
588 0.1 0.8515625 0.0 1.87890625 0.0 0.43591101694915246 59
