0 3.6 107.87653266059027 120.83426342775584 445.56298828125 11.404052734375 0 0
10 4.9 84.65754045758932 117.00043680370919 583.328125 10.305908203125 107.87653266059027 36
20 4 65.08367309570312 65.27409112076809 583.328125 9.416015625 94.49146656709561 85
30 4.5 53.04129774305556 56.219819666536104 583.328125 9.416015625 85.08097265625001 125
40 9.3 77.64102927587369 98.39462608804709 583.328125 9.302978515625 76.59988223805148 170
50 10.2 72.68047976026351 95.95201735052031 690.01318359375 9.302978515625 76.96804449857417 263
60 13 60.25379544771635 68.48372401260879 690.01318359375 9.302978515625 75.76987572238873 365
70 17.4 80.58934845321478 89.39761389248439 690.01318359375 9.302978515625 71.69494554924245 495
80 18.7 65.03328668114969 88.18486785492541 766.883056640625 9.06103515625 74.00828800857158 669
90 31.4 76.59168646745621 91.80156928491854 766.883056640625 8.4599609375 72.04762767185676 856
100 42.6 82.73616192598298 118.13853016896068 1006.56591796875 8.4599609375 73.26714430588942 1170
110 41 69.6948307688643 78.82641922145716 1006.56591796875 8.4599609375 75.79458885862117 1596
120 53 71.80787975383257 80.87727915965796 1006.56591796875 8.4599609375 74.54787858105371 2006
130 67.9 79.39181442148379 91.87011922115776 1006.56591796875 8.4599609375 73.97524475675276 2536
140 75 86.5820960286459 104.72105681406622 1006.56591796875 8.4599609375 75.11921079169906 3215
150 91.2 129.393618935033 169.5798502781266 1167.552978515625 8.4599609375 77.28747407737626 3965
160 101.1 230.6252228900069 318.1779289459652 2138.133056640625 8.4599609375 87.03133384981484 4877
170 101.6 211.0590438242033 340.46532066539055 2475.526123046875 8.4599609375 111.68714597950814 5888
180 112.2 184.1657062061332 246.32401444054443 2475.526123046875 8.4599609375 126.31082040161276 6904
190 119.8 1031.1236107624036 621.5005532030922 4458.634033203125 8.4599609375 134.39868258360528 8026
200 150.4 2265.6349105834956 1478.1293686934484 8023.44921875 1.06201171875 250.86404077508408 9224
210 203.5 1965.947302695984 2267.97093501908 10352.584228515625 0.995849609375 533.3225967213789 10728
220 212.3 1965.4397612044802 2249.575451806174 10352.584228515625 0.995849609375 761.7478319057652 12763
230 257.6 1705.3007636218326 2166.0803512857524 10842.907958984375 0.995849609375 933.4150336994755 14886
240 250.8 1547.91352827203 2080.5888361428524 10842.907958984375 0.995849609375 1047.2838711911713 17462
250 269 1601.6757189896016 2035.6421073629347 10842.907958984375 0.995849609375 1110.157140092463 19970
260 293.7 1448.0613881917382 1871.1566494675994 10842.907958984375 0.837158203125 1168.5059916914613 22660
270 298.5 1348.9551831422737 1992.2287653532753 10921.671875 0.837158203125 1200.582180288614 25597
280 296.2 1420.8519956394243 2067.6856761590884 11923.77099609375 0.837158203125 1216.0777164133838 28582
290 309.4 1436.2818083513466 1966.983406522249 11923.77099609375 0.837158203125 1235.306140680044 31544
300 360.8 1147.947951898341 1770.5091969966802 11923.77099609375 0.837158203125 1253.2580638792765 34638
310 381.2 1077.2206719989933 1890.9302757904725 11923.77099609375 0.837158203125 1243.323459370904 38246
320 352.2 1269.3033538073207 1874.6610884140564 11923.77099609375 0.837158203125 1228.268444261728 42058
330 381.7 1104.5466615608427 1717.0138017596996 11923.77099609375 0.837158203125 1231.4392417917759 45580
340 400.9 1036.900718378768 1728.7833412760617 11923.77099609375 0.837158203125 1221.6340111352285 49397
350 401.6 1067.8710218330768 1823.367078712918 11923.77099609375 0.837158203125 1207.766734599621 53406
360 412.8 1032.335000208182 1705.0216413096075 11923.77099609375 0.837158203125 1197.98265911513 57422
370 448.8 960.615561364594 1671.4835072779722 11923.77099609375 0.837158203125 1186.8730971985115 61550
380 471.8 875.2896551024653 1623.881421405431 11923.77099609375 0.837158203125 1171.4964379898342 66038
390 460.2 928.3330414468234 1644.4538082189163 11923.77099609375 0.837158203125 1151.7454119049426 70756
400 509.3 813.5831324474161 1583.1330883585038 11923.77099609375 0.837158203125 1138.1019536278084 75358
410 520.1 849.9844966713131 1555.1171112126904 11923.77099609375 0.837158203125 1117.5580902044608 80451
420 486.1 871.8617436813744 1598.0049127247867 11923.77099609375 0.837158203125 1101.3103638236887 85652
430 604.1 689.5708749004211 1406.4004636561428 11923.77099609375 0.837158203125 1088.987827364707 90513
440 730.5 596.6406853918002 1386.5520230254756 11923.77099609375 0.837158203125 1063.9978962397743 96554
450 765.2 538.6093212711963 1356.6703887885758 11923.77099609375 0.837158203125 1031.1259792634462 103859
460 772.1 550.1210413551008 1312.0144737873525 11923.77099609375 0.837158203125 997.3289774702895 111511
470 958.8 450.0839468677888 1213.4524557064237 11923.77099609375 0.837158203125 968.3695330699156 119232
480 975.7 440.0142826894717 1123.0587382903366 11923.77099609375 0.837158203125 929.793828982771 128820
490 932.3 447.615345328967 1125.058912020536 11923.77099609375 0.837158203125 895.3091812188294 138577
500 1423.8 305.8104365504598 929.4733529225914 11923.77099609375 0.837158203125 867.0884264385644 147900
510 1917.9 212.8997063591288 797.104174274992 11923.77099609375 0.837158203125 817.8003137196039 162138
520 1988.2 212.96700104591596 785.3652876285679 11923.77099609375 0.837158203125 753.8163036788104 181317
530 1852.3 238.8767083253546 840.9214355119539 11923.77099609375 0.837158203125 700.3708798201072 201199
540 505.8 788.3461541914583 1577.59367440117 11923.77099609375 0.837158203125 661.4660066685917 219722
550 194.7 1629.1350344680882 1666.8603086711391 11923.77099609375 0.837158203125 664.3210639965152 224780
560 58.6 17.13955178114334 37.767500613601754 11923.77099609375 0.837158203125 672.6063268920158 226727
570 11.1 11.946143897804053 11.788063331846704 11923.77099609375 0.837158203125 670.9165707838523 227313
580 1.4 11.266810825892858 11.367529396551198 11923.77099609375 0.837158203125 670.5949437023465 227424
588 0.1 12.44384765625 0.0 11923.77099609375 0.837158203125 670.5543586028458 227438
