10 0.1 327 0 327 327 0 0
20 0.1 375.0 0.0 375 327 327.0 1
30 0.1 293.0 0.0 375 293 351.0 2
40 0.1 361.0 0.0 375 293 331.6666666666667 3
50 0.1 786.0 0.0 786 293 339.0 4
60 0.1 825.0 0.0 825 293 428.4 5
70 0.1 1320.0 0.0 1320 293 494.5 6
80 0.1 2144.0 0.0 2144 293 612.4285714285714 7
90 0.1 1589.0 0.0 2144 293 803.875 8
100 0.1 2889.0 0.0 2889 293 891.1111111111111 9
110 0.1 3258.0 0.0 3258 293 1090.9 10
120 0.1 3348.0 0.0 3348 293 1287.909090909091 11
130 0.1 4475.0 0.0 4475 293 1459.5833333333333 12
140 0.1 5830.0 0.0 5830 293 1691.5384615384614 13
150 0.1 6449.0 0.0 6449 293 1987.142857142857 14
160 0.1 8109.0 0.0 8109 293 2284.6 15
170 0.1 8970.0 0.0 8970 293 2648.625 16
180 0.1 8669.0 0.0 8970 293 3020.470588235294 17
190 0.1 9243.0 0.0 9243 293 3334.277777777778 18
200 0.1 10719.0 0.0 10719 293 3645.2631578947367 19
210 0.1 11251.0 0.0 11251 293 3998.95 20
220 0.1 11632.0 0.0 11632 293 4344.285714285715 21
230 0.1 11313.0 0.0 11632 293 4675.545454545455 22
240 0.1 12692.0 0.0 12692 293 4964.130434782609 23
250 0.1 12798.0 0.0 12798 293 5286.125 24
260 0.1 13374.0 0.0 13374 293 5586.6 25
270 0.1 13466.0 0.0 13466 293 5886.115384615385 26
280 0.1 12905.0 0.0 13466 293 6166.851851851852 27
290 0.1 13428.0 0.0 13466 293 6407.5 28
300 0.1 14333.0 0.0 14333 293 6649.586206896552 29
310 0.1 14880.0 0.0 14880 293 6905.7 30
320 0.1 14239.0 0.0 14880 293 7162.935483870968 31
330 0.1 15346.0 0.0 15346 293 7384.0625 32
340 0.1 15391.0 0.0 15391 293 7625.333333333333 33
350 0.1 15646.0 0.0 15646 293 7853.735294117647 34
360 0.1 15359.0 0.0 15646 293 8076.371428571429 35
370 0.1 1.59e4 0.0 15900 293 8278.666666666666 36
380 0.1 17044.0 0.0 17044 293 8484.648648648648 37
390 0.1 16762.0 0.0 17044 293 8709.894736842105 38
400 0.1 18133.0 0.0 18133 293 8916.358974358975 39
410 0.1 19193.0 0.0 19193 293 9146.775 40
420 0.1 18846.0 0.0 19193 293 9391.80487804878 41
430 0.1 19632.0 0.0 19632 293 9616.904761904761 42
440 0.1 22845.0 0.0 22845 293 9849.813953488372 43
450 0.1 22432.0 0.0 22845 293 10145.15909090909 44
460 0.1 22290.0 0.0 22845 293 10418.199999999999 45
470 0.1 24193.0 0.0 24193 293 10676.28260869565 46
480 0.1 26982.0 0.0 26982 293 10963.872340425529 47
490 0.1 27001.0 0.0 27001 293 11297.58333333333 48
500 0.1 29151.0 0.0 29151 293 11618.061224489793 49
510 0.1 44287.0 0.0 44287 293 11968.719999999998 50
520 0.1 45357.0 0.0 45357 293 12602.41176470588 51
530 0.1 4.68e4 0.0 46800 293 13232.30769230769 52
540 0.1 28629.0 0.0 46800 293 13865.660377358488 53
550 0.1 10077.0 0.0 46800 293 14139.055555555553 54
560 0.1 6153.0 0.0 46800 293 14065.199999999997 55
570 0.1 818.0 0.0 46800 293 13923.910714285712 56
580 0.1 118.0 0.0 46800 118 13693.98245614035 57
588 0.1 237.0 0.0 46800 118 13459.913793103446 58
