0 4.4 88.2490067915483 110.81056301227612 445.56298828125 10.983154296875 0 0
10 5.8 71.51111260775865 101.949380423856 554.6591796875 9.370849609375 88.2490067915483 44
20 5.1 51.03246591605392 59.522366902170184 554.6591796875 9.370849609375 78.73138068704046 102
30 4.9 48.706617705676024 51.82046400949734 554.6591796875 8.967041015625 69.49840909671161 153
40 11.2 64.45946611676898 87.50181304823445 554.6591796875 8.967041015625 64.45485573948021 202
50 12 61.76991984049482 83.75041733398471 690.01318359375 8.967041015625 64.45650020526475 314
60 15.4 50.85464754971592 57.89520746525466 690.01318359375 8.967041015625 63.713666924683196 434
70 22.2 63.15203142595719 74.39055775873392 690.01318359375 8.967041015625 60.34582851695367 588
80 22.6 53.800776928926986 74.51732682817557 766.883056640625 8.967041015625 61.11493598090278 810
90 38.6 62.54727030541613 82.20917067378278 766.883056640625 8.4599609375 59.519376187711146 1036
100 51.2 68.63771915435792 106.55526001686172 1006.56591796875 8.4599609375 60.341294000252724 1422
110 49 58.30687230947066 67.08768046304317 1006.56591796875 8.4599609375 62.537658880760404 1934
120 63.6 60.125753150795994 69.88674237354931 1006.56591796875 8.4599609375 61.68242562171256 2424
130 81.5 65.90339220667191 80.04857256236525 1006.56591796875 8.4599609375 61.35888193167892 3060
140 91.4 71.21264595015049 91.89655378594382 1006.56591796875 8.4599609375 62.3146950604839 3875
150 111.5 106.36118142166478 147.33008815485132 1039.927978515625 8.4599609375 64.01290494003187 4789
160 120.7 199.68283381932213 294.56957051387025 2138.133056640625 8.4599609375 72.01058926879554 5904
170 121.6 169.3490522284254 261.5039846068651 2309.0830078125 8.4599609375 93.68129650722692 7111
180 132.4 161.00202725228957 221.001463057305 2309.0830078125 8.4599609375 104.73113329802521 8327
190 143.4 902.5679567302448 475.7713261674084 2964.155029296875 8.4599609375 112.45081660498262 9651
200 178.3 1984.8660757906712 1091.7083875513583 5245.286865234375 1.06201171875 214.6635345968298 11085
210 253.8 1653.761975107274 1639.863186668721 5533.094970703125 0.995849609375 459.94416336187635 12868
220 255.8 1587.586835131971 1581.8078669766296 5533.094970703125 0.995849609375 656.6149154201536 15406
230 310.9 1394.8474517655384 1583.1109392051294 5930.47412109375 0.995849609375 789.1815025178395 17964
240 303.5 1288.3497103293598 1547.279131994511 6613.571044921875 0.995849609375 878.5382830526991 21073
250 324.3 1325.5735609329217 1502.0082382384835 6613.571044921875 0.995849609375 930.130189547832 24108
260 350.7 1211.3068006704236 1409.7582211786835 6613.571044921875 0.837158203125 977.017793416131 27351
270 358.8 1129.0631025945881 1522.416746627555 6613.571044921875 0.837158203125 1003.644650258467 30858
280 357.7 1160.05123144613 1533.2908184295623 6613.571044921875 0.837158203125 1016.7086172497578 34446
290 368.7 1220.566869170284 1516.961721017137 6613.571044921875 0.837158203125 1030.1935219385098 38023
300 435.4 939.8785843925846 1344.1184629737254 6613.571044921875 0.837158203125 1047.0217773027762 41710
310 461.6 894.7574044001161 1423.117680077202 6704.507080078125 0.837158203125 1036.8945312552992 46064
320 426.5 1043.460062715228 1415.6644535714183 6704.507080078125 0.837158203125 1023.9484977595706 50680
330 462.9 914.793165581457 1302.0119560295561 6704.507080078125 0.837158203125 1025.4630454806713 54945
340 484.7 847.9961881423111 1292.3978213404782 6704.507080078125 0.837158203125 1016.8638096722068 59574
350 486.3 889.3634107755634 1381.0934968189447 6704.507080078125 0.837158203125 1004.1583043004274 64421
360 496.7 857.0186170129103 1304.7686712975442 6704.507080078125 0.837158203125 996.1009235601206 69284
370 539.9 791.7861619339229 1268.0650775364884 6704.507080078125 0.837158203125 986.7970513345614 74251
380 569.9 727.8668692047121 1278.4733086216186 6704.507080078125 0.837158203125 973.578422434699 79650
390 552.5 777.8727440964377 1312.2421126894524 6704.507080078125 0.837158203125 957.171550159011 85349
400 613.9 668.3987532244544 1211.2435311475974 6704.507080078125 0.837158203125 946.2704573987526 90874
410 627.5 707.0738272301408 1210.063592369265 6704.507080078125 0.837158203125 928.6866862348259 97013
420 589.8 716.5731848984833 1231.3211468968648 6704.507080078125 0.837158203125 915.2231600724992 103288
430 722.9 571.784609035925 1095.96776205329 6704.507080078125 0.837158203125 904.4925027210408 109186
440 883.9 496.8026865357018 1102.1189041247483 6704.507080078125 0.837158203125 883.8324042504854 116415
450 921.2 447.2383960056348 1080.2658982147893 6704.507080078125 0.837158203125 856.5202571343775 125254
460 927.8 454.5824593249824 1038.489011026877 6704.507080078125 0.837158203125 828.4811654329959 134466
470 1165.3 370.19930724652517 979.3199328624202 6704.507080078125 0.837158203125 804.3477602455088 143744
480 1173.2 362.8320881023867 907.8409742959543 6704.507080078125 0.837158203125 771.7915852691762 155397
490 1120.3 371.4251256246573 920.6130434833309 6704.507080078125 0.837158203125 743.0837438965791 167129
500 1710.4 254.6033717584562 764.4817381457708 6704.507080078125 0.837158203125 719.7357665257184 178332
510 2336.9 174.824439718734 664.3322321650181 6704.507080078125 0.807861328125 679.0287090741781 195436
520 2406 176.23169381640253 648.1188956918694 6704.507080078125 0.807861328125 625.1782505811484 218805
530 2259.9 196.7367622932188 702.4673753600896 6704.507080078125 0.807861328125 580.7022900443902 242865
540 605.5 673.5079340663038 1268.9753228478642 6704.507080078125 0.807861328125 548.0152328100808 265464
550 206.1 1425.8804774684647 1155.790872272366 6704.507080078125 0.807861328125 550.8137784223821 271519
560 58.6 17.13955178114334 37.767500613601754 6704.507080078125 0.807861328125 557.4060456448909 273580
570 11.1 11.946143897804053 11.788063331846704 6704.507080078125 0.807861328125 556.2512847868554 274166
580 1.4 11.266810825892858 11.367529396551198 6704.507080078125 0.807861328125 556.0310043016574 274277
588 0.1 12.44384765625 0.0 6704.507080078125 0.807861328125 556.0031991651102 274291
