10 0.1 214 0 214 214 0 0
20 0.1 239.0 0.0 239 214 214.0 1
30 0.1 193.0 0.0 239 193 226.5 2
40 0.1 225.0 0.0 239 193 215.33333333333334 3
50 0.1 475.0 0.0 475 193 217.75 4
60 0.1 510.0 0.0 510 193 269.2 5
70 0.1 841.0 0.0 841 193 309.3333333333333 6
80 0.1 1391.0 0.0 1391 193 385.2857142857143 7
90 0.1 1054.0 0.0 1391 193 511.0 8
100 0.1 1912.0 0.0 1912 193 571.3333333333334 9
110 0.1 2178.0 0.0 2178 193 705.4 10
120 0.1 2180.0 0.0 2180 193 839.2727272727273 11
130 0.1 2934.0 0.0 2934 193 951.0 12
140 0.1 3838.0 0.0 3838 193 1103.5384615384614 13
150 0.1 4247.0 0.0 4247 193 1298.857142857143 14
160 0.1 5233.0 0.0 5233 193 1495.4 15
170 0.1 5822.0 0.0 5822 193 1729.0 16
180 0.1 5463.0 0.0 5822 193 1969.764705882353 17
190 0.1 6262.0 0.0 6262 193 2163.8333333333335 18
200 0.1 7491.0 0.0 7491 193 2379.5263157894738 19
210 0.1 8216.0 0.0 8216 193 2635.1 20
220 0.1 9037.0 0.0 9037 193 2900.8571428571427 21
230 0.1 9326.0 0.0 9326 193 3179.7727272727275 22
240 0.1 10840.0 0.0 10840 193 3447.0 23
250 0.1 10904.0 0.0 10904 193 3755.0416666666665 24
260 0.1 11383.0 0.0 11383 193 4041.0 25
270 0.1 11866.0 0.0 11866 193 4323.384615384615 26
280 0.1 11768.0 0.0 11866 193 4602.740740740741 27
290 0.1 11862.0 0.0 11866 193 4858.642857142857 28
300 0.1 1.29e4 0.0 12900 193 5100.137931034483 29
310 0.1 14149.0 0.0 14149 193 5360.133333333333 30
320 0.1 13731.0 0.0 14149 193 5643.645161290323 31
330 0.1 14289.0 0.0 14289 193 5896.375 32
340 0.1 14897.0 0.0 14897 193 6150.69696969697 33
350 0.1 15325.0 0.0 15325 193 6407.941176470588 34
360 0.1 14937.0 0.0 15325 193 6662.714285714285 35
370 0.1 15832.0 0.0 15832 193 6892.555555555556 36
380 0.1 16988.0 0.0 16988 193 7134.1621621621625 37
390 0.1 17130.0 0.0 17130 193 7393.473684210527 38
400 0.1 18399.0 0.0 18399 193 7643.128205128205 39
410 0.1 19566.0 0.0 19566 193 7912.025 40
420 0.1 19319.0 0.0 19566 193 8196.268292682927 41
430 0.1 19736.0 0.0 19736 193 8461.095238095239 42
440 0.1 24483.0 0.0 24483 193 8723.302325581395 43
450 0.1 25937.0 0.0 25937 193 9081.477272727272 44
460 0.1 25989.0 0.0 25989 193 9456.044444444444 45
470 0.1 28429.0 0.0 28429 193 9815.45652173913 46
480 0.1 32652.0 0.0 32652 193 10211.489361702128 47
490 0.1 32887.0 0.0 32887 193 10679.0 48
500 0.1 35206.0 0.0 35206 193 11132.224489795919 49
510 0.1 58182.0 0.0 58182 193 11613.7 50
520 0.1 61986.0 0.0 61986 193 12526.803921568628 51
530 0.1 64031.0 0.0 64031 193 13477.942307692309 52
540 0.1 37627.0 0.0 64031 193 14431.77358490566 53
550 0.1 8637.0 0.0 64031 193 14861.314814814816 54
560 0.1 5062.0 0.0 64031 193 14748.145454545454 55
570 0.1 977.0 0.0 64031 193 14575.17857142857 56
580 0.1 164.0 0.0 64031 164 14336.61403508772 57
588 0.1 196.0 0.0 64031 164 14092.258620689656 58
