0 0.7 3806.1798270089284 1623.756399446078 5996.19287109375 242.86083984375 0 0
10 0.9 4483.404866536458 2317.625621927521 8554.969970703125 242.86083984375 3806.1798270089284 7
20 1.1 5280.249755859375 3899.4388115739594 16681.56494140625 242.86083984375 4187.118911743164 16
30 0.6 6051.376302083333 8002.7863533461805 23446.72607421875 242.86083984375 4632.46851490162 27
40 1.2 3558.9229736328125 1529.0370703459673 23446.72607421875 242.86083984375 4890.451748934659 33
50 1.9 8937.603913959703 10141.653362220208 34622.85888671875 242.86083984375 4535.377408854167 45
60 2.2 7670.33671431108 5646.230072158968 34622.85888671875 242.86083984375 5842.288402557373 64
70 3.7 5398.081872888513 5808.844111070751 34622.85888671875 242.86083984375 6309.928668354833 86
80 3.4 4589.913581399356 3336.9608058552785 34622.85888671875 136.176025390625 6035.633290856835 123
90 5.7 5030.150424890351 4792.2073908541015 34622.85888671875 136.176025390625 5722.54749390426 157
100 7.5 5584.089013671875 5510.14795114977 34622.85888671875 136.176025390625 5538.12397552205 214
110 7.7 8036.990767045455 7024.411123426058 34622.85888671875 136.176025390625 5550.052618640517 289
120 9.3 6264.787190755208 6964.605694923306 35604.078857421875 133.13818359375 6073.260917621884 366
130 11.4 6104.406008000959 5675.322101824054 35604.078857421875 133.13818359375 6112.06689453125 459
140 14.8 6826.4937117293075 6870.516881887105 38284.514892578125 133.13818359375 6110.542739095904 573
150 16.7 6933.79216030829 7258.936467266452 38284.514892578125 133.13818359375 6257.506322937435 721
160 17 7794.274567727482 7290.411325043709 42114.39697265625 133.13818359375 6384.690709019566 888
170 19.3 7486.99082258946 6378.340155939101 42114.39697265625 132.30615234375 6611.18338953029 1058
180 19.2 7998.309696197507 7948.0064001731835 42114.39697265625 132.30615234375 6746.299963935102 1251
190 19.3 9474.788610903102 7591.186849314384 48646.489013671875 132.30615234375 6912.887537458582 1443
200 21.9 12147.375039017908 7057.303387365 48646.489013671875 132.30615234375 7215.11669832337 1636
210 35.4 14014.128854525292 8064.659516880121 51729.6630859375 132.30615234375 7797.415661456579 1855
220 39.7 15948.19778219459 9254.456727812982 51729.6630859375 45.2451171875 8793.665761205933 2209
230 46.8 14936.559034559461 10284.856013882209 51729.6630859375 45.2451171875 9883.592550282101 2606
240 48.3 15248.189428357111 11237.959715568768 53799.1640625 45.2451171875 10652.879575214374 3074
250 50.6 15534.061786877779 11423.502082762758 56906.710205078125 45.2451171875 11276.870201885147 3557
260 56.2 14319.345478967412 10792.976781991507 56906.710205078125 35.677978515625 11807.054534153489 4063
270 53.9 14641.724425476867 11886.919239702116 70550.5380859375 35.677978515625 12112.331833826014 4625
280 58.2 14288.518469951403 11234.153908196027 70550.5380859375 35.677978515625 12376.340859174543 5164
290 55.7 14870.13050434105 11137.160037592463 70550.5380859375 17.268798828125 12570.021222813966 5746
300 68.7 12827.360819587546 10644.13468377031 70550.5380859375 11.302001953125 12773.283299572746 6303
310 73.7 12506.728799517154 10552.71101847993 70550.5380859375 11.302001953125 12778.598214629994 6990
320 70.7 12646.282187196117 10730.874336091903 70550.5380859375 11.302001953125 12752.667354148803 7727
330 73.6 12243.504183230196 10023.51139088953 70550.5380859375 11.302001953125 12743.74936588279 8434
340 78.1 11752.577744253158 9921.074191920223 70550.5380859375 11.302001953125 12703.598825595733 9170
350 77.4 12314.304415601775 9925.94532525202 75195.28198242188 11.302001953125 12628.958340767218 9951
360 78.1 12190.211746508887 9915.947274426362 75195.28198242188 11.302001953125 12606.25044910493 10725
370 88.2 11805.388055433768 9993.69965048592 75195.28198242188 11.302001953125 12578.010728374222 11506
380 85 11222.19824075139 9330.637224117982 75195.28198242188 11.302001953125 12523.001590697964 12388
390 87.1 11465.011786582421 9503.950231289988 75195.28198242188 11.302001953125 12439.478184786603 13238
400 97.7 11026.56849506421 9640.14228223879 75195.28198242188 6.37109375 12379.320821909301 14109
410 101.8 11594.80567029792 10151.185561041277 75195.28198242188 6.37109375 12291.713833752889 15086
420 94.2 11487.365621319748 9487.222210336009 75195.28198242188 6.37109375 12247.659405635826 16104
430 110.1 10041.86631160947 9571.099327769316 75195.28198242188 6.37109375 12205.64387443638 17046
440 135.6 9495.67442299272 8804.771104250043 75195.28198242188 6.37109375 12074.364924931095 18147
450 143.7 9167.880946191892 8444.479018739377 75195.28198242188 6.37109375 11895.074337809707 19503
460 145 9893.656822804425 8891.161272838646 75195.28198242188 6.37109375 11707.9216680984 20940
470 180.3 8703.444871611562 8672.5946558429 75195.28198242188 6.37109375 11590.427964405846 22390
480 182.6 8956.975114502737 8494.529805605687 75195.28198242188 6.22802734375 11375.273559565268 24193
490 191.6 9096.176170014638 8658.864322668966 75195.28198242188 6.22802734375 11205.558621993334 26019
500 256.3 7732.764693302981 8113.5850193264 75195.28198242188 6.22802734375 11060.880734827011 27935
510 364.2 6976.621421013736 6944.89179534195 75195.28198242188 6.22802734375 10781.19152850443 30498
520 375 7291.591419531249 6985.043725268775 75195.28198242188 6.22802734375 10375.32614093908 34140
530 370.3 8092.52049719769 7695.23352808254 75195.28198242188 6.22802734375 10070.12674254163 37890
540 117.2 15101.558402728702 9002.347629237805 75195.28198242188 6.22802734375 9894.061637199178 41593
550 56.6 26769.693917965298 7502.356766658974 75195.28198242188 6.22802734375 10036.776151619863 42765
560 25.4 33753.516271876535 5416.712834476447 75195.28198242188 6.22802734375 10255.345569721258 43331
570 7.2 42392.9342312283 6183.743754162867 75195.28198242188 6.22802734375 10392.285694955797 43585
580 1.3 50232.65700120192 3001.761668164322 75195.28198242188 6.22802734375 10445.061806337973 43657
588 0.1 53451.513916015625 0.0 75195.28198242188 6.22802734375 10456.9060641244 43670
