0 209.98984375 209.98984375
10 294.12578125 504.115625
20 239.79140625 743.90703125
30 249.340625 993.24765625
40 642.83359375 1636.08125
50 669.81015625 2305.89140625
60 834.08671875 3139.978125
70 1176.546875 4316.525
80 1140.7078125 5457.2328125
90 1984.84375 7442.0765625
100 2675.66796875 10117.74453125
110 2596.25546875 12714
120 3320.7828125 16034.7828125
130 4342.0390625 20376.821875
140 4713.6765625 25090.4984375
150 5807.54375 30898.0421875
160 6456.9078125 37354.95
170 6569.9640625 43924.9140625
180 6739.32109375 50664.23515625
190 7094.984375 57759.21953125
200 7330.06015625 65089.2796875
210 6983.0453125 72072.325
220 6837.88203125 78910.20703125
230 7222.02421875 86132.23125
240 6649.9 92782.13125
250 7265.65625 100047.7875
260 7552.7109375 107600.4984375
270 7005.703125 114606.2015625
280 6983.246875 121589.4484375
290 7521.13359375 129110.58203125
300 7621.45078125 136732.0328125
310 7169.4984375 143901.53125
320 7642.04765625 151543.57890625
330 7744.659375 159288.23828125
340 7729.44453125 167017.6828125
350 7418.196875 174435.8796875
360 7643.0875 182078.9671875
370 8049.49765625 190128.46484375
380 7798.18125 197926.64609375
390 7712.2125 205638.85859375
400 8019.8625 213658.72109375
410 8265.83359375 221924.5546875
420 8237.74375 230162.2984375
430 8794.83828125 238957.13671875
440 9162.26484375 248119.4015625
450 8618.61796875 256738.01953125
460 8906.06484375 265644.084375
470 9781.2625 275425.346875
480 10173.8953125 285599.2421875
490 9887.7453125 295486.9875
500 12375.0171875 307862.0046875
510 14107.53984375 321969.54453125
520 14685.65859375 336655.203125
530 13986.75625 350641.959375
540 6840.78671875 357482.74609375
550 6269.784375 363752.53046875
560 1288.8078125 365041.33828125
570 224.95078125 365266.2890625
580 12.98046875 365279.26953125
588 0.9390625 365280.20859375
