0 26.978125 26.978125
10 41.1171875 68.0953125
20 34.3046875 102.4
30 31.66796875 134.06796875
40 76.66015625 210.728125
50 87.66328125 298.39140625
60 106.040625 404.43203125
70 152.821875 557.25390625
80 150.46484375 707.71875
90 262.63359375 970.35234375
100 356.484375 1326.83671875
110 346.2515625 1673.08828125
120 434.746875 2107.83515625
130 556.99921875 2664.834375
140 638.87890625 3303.71328125
150 772.6015625 4076.31484375
160 863.00390625 4939.31875
170 828.334375 5767.653125
180 920.6390625 6688.2921875
190 1058.83203125 7747.12421875
200 1190.12734375 8937.2515625
210 1576.871875 10514.1234375
220 1538.08515625 12052.20859375
230 1814.08125 13866.28984375
240 1788.41015625 15654.7
250 1906.4453125 17561.1453125
260 2049.73125 19610.8765625
270 2033.90625 21644.7828125
280 2010.2140625 23654.996875
290 2065.21875 25720.215625
300 2369.09375 28089.309375
310 2459.87265625 30549.18203125
320 2290.40703125 32839.5890625
330 2493.19375 35332.7828125
340 2549.64921875 37882.43203125
350 2535.965625 40418.39765625
360 2605.1078125 43023.50546875
370 2810.6484375 45834.15390625
380 2921.31953125 48755.4734375
390 2798.784375 51554.2578125
400 3081.08203125 54635.33984375
410 3153.9625 57789.30234375
420 3010.23671875 60799.5390625
430 3487.05234375 64286.59140625
440 4053.70859375 68340.3
450 4132.15859375 72472.45859375
460 4120.80078125 76593.259375
470 5004.3890625 81597.6484375
480 5147.44921875 86745.09765625
490 4928.83046875 91673.928125
500 6837.7546875 98511.6828125
510 9062.18671875 107573.86953125
520 9100.17265625 116674.0421875
530 8777.9671875 125452.009375
540 3158.5546875 128610.5640625
550 1263.6 129874.1640625
560 487 130361.1640625
570 93.54375 130454.7078125
580 12.065625 130466.7734375
588 0.8609375 130467.634375
