0 5 7
10 5 8
20 3 10
30 9 10
40 17 18
50 12 18
60 18 20
70 18 26
80 30 31
90 54 54
100 58 66
110 56 66
120 77 83
130 105 109
140 113 119
150 142 142
160 172 181
170 165 181
180 246 247
190 438 438
200 648 648
210 679 688
220 722 727
230 765 770
240 786 788
250 795 798
260 809 832
270 830 836
280 805 838
290 883 896
300 916 929
310 883 929
320 902 929
330 947 947
340 976 991
350 944 993
360 999 1006
370 998 1057
380 1046 1057
390 1101 1101
400 1141 1142
410 1084 1145
420 1056 1145
430 1313 1313
440 1421 1445
450 1418 1445
460 1587 1592
470 1696 1743
480 1723 1743
490 1733 1794
500 2743 2744
510 2955 2961
520 3074 3133
530 2078 3162
540 906 3162
550 340 3162
560 86 3162
570 14 3162
580 1 3162
588 0 3162
