0 1.2 12
10 0.9 21
20 0.9 30
30 1.2 42
40 2 62
50 1.4 76
60 2.8 104
70 3.7 141
80 4.6 187
90 8.1 268
100 7.9 347
110 7.5 422
120 11.4 536
130 14.2 678
140 15.6 834
150 19.6 1030
160 20 1230
170 18.6 1416
180 27.3 1689
190 38.5 2074
200 42.9 2503
210 38.5 2888
220 44 3328
230 51.1 3839
240 50.4 4343
250 51.5 4858
260 57.6 5434
270 56 5994
280 55.7 6551
290 63.5 7186
300 72 7906
310 70.4 8610
320 72.6 9336
330 78.1 10117
340 81 10927
350 74.2 11669
360 83.6 12505
370 88.1 13386
380 89.8 14284
390 92.6 15210
400 101.7 16227
410 96.1 17188
420 91.4 18102
430 135.8 19460
440 146.4 20924
450 143.4 22358
460 161.9 23977
470 191.2 25889
480 185.3 27742
490 192.6 29668
500 357.3 33241
510 385.4 37095
520 386.9 40964
530 270.7 43671
540 0 43671
550 0 43671
560 0 43671
570 0 43671
580 0 43671
588 0 43671
