0 1 8.6607666015625 20.371196376362814 69.341064453125 0.553955078125 0 0
10 1.1 3.6812855113636362 2.450740732054086 69.341064453125 0.553955078125 8.6607666015625 10
20 0.9 4.269612630208333 4.563676531448274 69.341064453125 0.553955078125 6.052466982886905 21
30 2.2 2.3985484730113638 2.5831647157344717 69.341064453125 0.551025390625 5.517610677083334 30
40 2.4 2.667694091796875 2.973971058410632 69.341064453125 0.551025390625 4.198007436899038 52
50 1.4 2.8309151785714284 2.669191330035403 69.341064453125 0.549072265625 3.7147505910773027 76
60 3.2 3.1206893920898438 2.9410140006558145 69.341064453125 0.5400390625 3.577265082465278 90
70 4.5 2.556700303819444 2.5299796707459214 69.341064453125 0.504150390625 3.4575075243340163 122
80 4 3.26658935546875 2.9273855631152843 69.341064453125 0.504150390625 3.2147750397642216 167
90 7.5 3.054596354166666 2.9946738086735865 69.341064453125 0.504150390625 3.224787467919686 207
100 11.1 3.3450388865427927 3.169042185624019 69.341064453125 0.504150390625 3.179523873836436 282
110 11.3 3.4317508123617255 3.3211468286858796 69.341064453125 0.504150390625 3.226272388875636 393
120 20.4 3.003238453584559 2.925039355439841 69.341064453125 0.504150390625 3.272159862895257 506
130 20.2 2.9769202506188117 3.502732785150829 69.341064453125 0.49609375 3.194892303036972 710
140 18.4 3.0541872770889946 3.3603064338583546 69.341064453125 0.49609375 3.146613405461897 912
150 20.8 2.9745424710787267 3.1693000378517944 69.341064453125 0.49609375 3.131096610187614 1096
160 21.3 3.0604597637910804 3.1822503786703003 69.341064453125 0.49609375 3.1061247843174846 1304
