0 0.1 0.1864404975131712 0 0.1864404975131712 0.1864404975131712 0 0
10 0.1 0.260772382962871 0.0 0.260772382962871 0.1864404975131712 0.1864404975131712 1
20 0.1 0.14893881097182574 0.0 0.260772382962871 0.14893881097182574 0.2236064402380211 2
30 0.1 0.21099664887675312 0.0 0.260772382962871 0.14893881097182574 0.19871723048262266 3
40 0.1 0.1987577639751553 0.0 0.260772382962871 0.14893881097182574 0.20178708508115528 4
50 0.1 0.3227408142999007 0.0 0.3227408142999007 0.14893881097182574 0.20118122085995527 5
60 0.1 0.2855014895729891 0.0 0.3227408142999007 0.14893881097182574 0.22144115309994616 6
70 0.1 0.29795158286778395 0.0 0.3227408142999007 0.14893881097182574 0.23059262973895228 7
80 0.1 0.33519553072625696 0.0 0.33519553072625696 0.14893881097182574 0.23901249888005624 8
90 0.1 0.29806259314456035 0.0 0.33519553072625696 0.14893881097182574 0.249699502418523 9
100 0.1 0.4347286051422184 0.0 0.4347286051422184 0.14893881097182574 0.25453581149112675 10
110 0.1 0.5470595548924531 0.0 0.5470595548924531 0.14893881097182574 0.2709169745503169 11
120 0.1 0.658794282162834 0.0 0.658794282162834 0.14893881097182574 0.2939288562454949 12
130 0.1 1.1047666335650446 0.0 1.1047666335650446 0.14893881097182574 0.3219954274699056 13
140 0.1 1.1317000373087924 0.0 1.1317000373087924 0.14893881097182574 0.37790765647670127 14
150 0.1 1.180417495029821 0.0 1.180417495029821 0.14893881097182574 0.42816048186550737 15
160 0.1 1.406522280308688 0.0 1.406522280308688 0.14893881097182574 0.47517654518827696 16
