0 0.1 29465.72265625 0 29465.72265625 29465.72265625 0 0
10 0.1 29465.1640625 0.0 29465.72265625 29465.1640625 29465.72265625 1
20 0.1 29462.0 0.0 29465.72265625 29462.0 29465.443359375 2
30 0.1 29460.765625 0.0 29465.72265625 29460.765625 29464.295572916668 3
40 0.1 29459.8203125 0.0 29465.72265625 29459.8203125 29463.4130859375 4
50 0.1 29458.22265625 0.0 29465.72265625 29458.22265625 29462.69453125 5
60 0.1 29456.41015625 0.0 29465.72265625 29456.41015625 29461.94921875 6
70 0.1 29455.87890625 0.0 29465.72265625 29455.87890625 29461.15792410714 7
80 0.1 29453.25390625 0.0 29465.72265625 29453.25390625 29460.498046875 8
90 0.1 29449.98046875 0.0 29465.72265625 29449.98046875 29459.69314236111 9
100 0.1 29446.96875 0.0 29465.72265625 29446.96875 29458.721875 10
110 0.1 29444.30078125 0.0 29465.72265625 29444.30078125 29457.653409090908 11
120 0.1 29442.21484375 0.0 29465.72265625 29442.21484375 29456.540690104168 12
130 0.1 29439.81640625 0.0 29465.72265625 29439.81640625 29455.438701923078 13
140 0.1 29437.69921875 0.0 29465.72265625 29437.69921875 29454.322823660714 14
150 0.1 29435.24609375 0.0 29465.72265625 29435.24609375 29453.214583333334 15
160 0.1 29431.953125 0.0 29465.72265625 29431.953125 29452.091552734375 16
