0 2 209.8078125 234.12115423798076 769.864990234375 6.831787109375 0 0
10 4.1 906.358809308308 620.4286653488772 2360.117919921875 6.831787109375 209.8078125 20
20 7.2 1306.7369791666667 1643.1156777202636 7969.738037109375 6.831787109375 677.981433305584 61
30 12.4 350.82660699659766 355.1957764596114 7969.738037109375 6.831787109375 1018.3603754258694 133
40 13.5 696.1044885706018 559.175641127526 7969.738037109375 6.831787109375 696.281825677894 257
50 12.1 1519.687917662061 693.9335523187893 7969.738037109375 6.831787109375 696.2207529496173 392
60 12.6 2041.4398619636656 827.3117229467961 7969.738037109375 6.831787109375 890.449850279453 513
70 12.1 3565.197697410898 1575.967607591546 9370.3349609375 6.831787109375 1117.4056272312696 639
80 16.1 4538.585406759511 744.6189187035617 9370.3349609375 6.831787109375 1507.1198910361843 760
90 31.8 2428.4870897209144 3326.7238198209434 11539.715087890625 0.51904296875 2037.050344924844 921
100 50.7 2131.9942634176223 3891.2093258084924 18123.949951171875 0.51904296875 2137.5159501267412 1239
110 60.1 1943.8850934477662 3697.4024328563223 20557.623046875 0.506103515625 2135.9125737455706 1746
120 95.1 1136.290268570093 2775.28161555223 20557.623046875 0.506103515625 2086.739793319929 2347
130 116.4 861.446172235757 2419.6596787924873 20557.623046875 0.484130859375 1812.67141914252 3298
140 123.3 1021.1279865150414 2584.2584194488845 20557.623046875 0.484130859375 1564.525702558147 4462
150 137.6 733.1139858157131 2050.1279494460846 20557.623046875 0.484130859375 1446.8769959942929 5695
160 140 784.7610543387284 2109.484484226051 20557.623046875 0.484130859375 1307.9803898557375 7071
