10 0.1 163 0 163 163 0 0
20 0.1 425.0 0.0 425 163 163.0 1
30 0.1 594.0 0.0 594 163 294.0 2
40 0.1 1123.0 0.0 1123 163 394.0 3
50 0.1 1071.0 0.0 1123 163 576.25 4
60 0.1 1093.0 0.0 1123 163 675.2 5
70 0.1 1228.0 0.0 1228 163 744.8333333333334 6
80 0.1 1094.0 0.0 1228 163 813.8571428571429 7
90 0.1 1308.0 0.0 1308 163 848.875 8
100 0.1 1364.0 0.0 1364 163 899.8888888888889 9
110 0.1 1765.0 0.0 1765 163 946.3 10
120 0.1 1904.0 0.0 1904 163 1020.7272727272727 11
130 0.1 2692.0 0.0 2692 163 1094.3333333333333 12
140 0.1 2768.0 0.0 2768 163 1217.2307692307693 13
150 0.1 3032.0 0.0 3032 163 1328.0 14
160 0.1 3340.0 0.0 3340 163 1441.6 15
