0 2 209.8078125 234.12115423798076 769.864990234375 6.831787109375 0 0
10 4.5 861.6208279079862 587.2817542943716 2360.117919921875 6.831787109375 209.8078125 20
20 7.2 1284.3408949110244 1616.1793317661409 7969.738037109375 6.831787109375 661.0629770132211 65
30 13 334.6317608173077 346.1346839499508 7969.738037109375 6.831787109375 988.625094448563 137
40 14 671.2412632533482 518.5395718593674 7969.738037109375 6.831787109375 670.2013739539443 267
50 12.7 1447.8883412278544 517.7520719325657 7969.738037109375 6.831787109375 670.5590754328547 407
60 13.8 1909.8389751047328 624.7952259808326 7969.738037109375 6.831787109375 855.429518796085 534
70 12.4 3427.8356992660033 1322.6896515918963 7969.738037109375 6.831787109375 1071.9600321451824 672
80 16.5 4484.6464266690355 580.6965596705618 7969.738037109375 6.831787109375 1438.9557390836017 796
90 32.4 2409.7107054157027 3296.3859698333117 9612.505126953125 0.077880859375 1961.8891037574795 961
100 52.1 2096.90030861999 3797.3739032042645 11800.775146484375 0.077880859375 2074.802877249514 1285
110 61.1 1886.4311899038462 3529.4506101273946 11800.775146484375 0.077880859375 2081.1776068973645 1806
120 98.1 1122.5947260647629 2729.4565767612085 11800.775146484375 0.077880859375 2031.947130776951 2417
130 120.7 807.38328095873 2260.5975769977 11800.775146484375 0.077880859375 1769.4177873329672 3398
140 128.7 989.1638416921618 2503.1179994880417 11800.775146484375 0.077880859375 1517.2623803419347 4605
150 143 712.0506236683241 1943.3335699750903 11800.775146484375 0.077880859375 1401.9088808099834 5892
160 143 756.2631569602273 1997.9026511330394 11800.775146484375 0.077880859375 1267.1783006798862 7322
