10 0.1 156 0 156 156 0 0
20 0.1 340.0 0.0 340 156 156.0 1
30 0.1 472.0 0.0 472 156 248.0 2
40 0.1 894.0 0.0 894 156 322.6666666666667 3
50 0.1 836.0 0.0 894 156 465.5 4
60 0.1 834.0 0.0 894 156 539.6 5
70 0.1 967.0 0.0 967 156 588.6666666666666 6
80 0.1 958.0 0.0 967 156 642.7142857142857 7
90 0.1 1.1e3 0.0 1100 156 682.125 8
100 0.1 1375.0 0.0 1375 156 728.5555555555555 9
110 0.1 1956.0 0.0 1956 156 793.2 10
120 0.1 2140.0 0.0 2140 156 898.9090909090909 11
130 0.1 3294.0 0.0 3294 156 1002.3333333333334 12
140 0.1 3566.0 0.0 3566 156 1178.6153846153845 13
150 0.1 3823.0 0.0 3823 156 1349.142857142857 14
160 0.1 4306.0 0.0 4306 156 1514.0666666666666 15
