0 0.1 5070.9599609375 0 5070.9599609375 5070.9599609375 0 0
10 0.2 7209.4219970703125 3848.4849853515625 11057.906982421875 3360.93701171875 5070.9599609375 1
20 0.7 15181.184884207589 5563.162883559261 23146.702880859375 3360.93701171875 6496.601318359375 3
30 1.3 16529.923978365383 10228.588148769364 35222.573974609375 3315.95703125 12575.809814453125 10
40 1 20075.873486328124 10342.490079038223 36318.714111328125 3315.95703125 14810.743907099184 23
50 1.2 17910.429728190105 11727.050982328064 41282.858154296875 3315.95703125 16406.237718986744 33
60 1.5 29032.518196614583 7265.566087553392 43659.675048828125 3315.95703125 16807.35558810764 45
70 0.8 25523.794464111328 8057.42393316475 43659.675048828125 3315.95703125 19863.646240234375 60
80 1.3 26188.08582481971 13382.241459879067 56588.974853515625 3315.95703125 20529.54603127872 68
90 1.9 23718.21400853207 15440.64767970156 56588.974853515625 928.958984375 21437.706738884066 81
100 4.6 24946.0626114555 18858.861282212332 65553.09887695313 512.963134765625 21871.003120117188 100
110 5.5 23934.8072265625 17778.547629712568 65553.09887695313 384.949951171875 22839.85748040186 146
120 10.5 25404.84144112723 18727.02948092741 66522.40991210938 111.903076171875 23139.470595022933 201
130 13.5 23552.77214626736 18055.81202869024 78207.64111328125 111.903076171875 23916.803728490093 306
140 12.8 23048.17180633545 18514.069592162487 78207.64111328125 111.903076171875 23805.365489034157 441
150 15.8 22045.087405434137 14242.925636510168 78207.64111328125 111.903076171875 23635.03017904218 569
160 18.3 22794.946506521097 14439.360145053324 78207.64111328125 89.889892578125 23289.48553223328 727
