0 3.6 36
10 4.6 82
20 6.3 145
30 2.7 172
40 9.9 271
50 14 411
60 18.8 599
70 21.4 813
80 22.6 1039
90 30.1 1340
100 40.6 1746
110 50.7 2253
120 65.9 2912
130 84.8 3760
140 87.4 4634
150 106 5694
160 112.9 6823
170 116.7 7990
180 125.2 9242
190 180.5 11047
200 205.2 13099
210 206.2 15161
220 211.7 17278
230 215.4 19432
240 199.4 21426
250 198.9 23415
260 167.9 25094
270 111.9 26213
280 68.6 26899
290 54.7 27446
300 50.7 27953
310 51.5 28468
320 61.4 29082
330 81.7 29899
340 109.1 30990
350 114.6 32136
360 353 35666
370 218.2 37848
380 212.3 39971
390 216.7 42138
400 202.2 44160
410 139.4 45554
420 213.4 47688
430 286.4 50552
440 280.5 53357
450 250.1 55858
460 279.4 58652
470 223.7 60889
480 185.8 62747
490 156.3 64310
501 257 66880
510 77.9 67659
520 263 70289
530 29.7 70586
540 413.4 74720
550 151.4 76234
560 89.5 77129
570 10.5 77234
580 0.7 77241
590 0 77241
600 0 77241
610 0 77241
620 0 77241
635 550.2 82743
642 129.2 84035
661 40.6 84441
661 0 84441
677 99 85431
680 13.8 85569
690 48.6 86055
700 5.8 86113
710 0.6 86119
720 0.1 86120
730 0 86120
734 0 86120
