0 0.4 4
10 1.3 17
20 2.4 41
30 1.6 57
40 2.9 86
50 5.2 138
60 7 208
70 7.6 284
80 9.5 379
90 10.4 483
100 13.5 618
110 18.3 801
120 24.4 1045
130 30 1345
140 37.8 1723
150 40.6 2129
160 44.1 2570
170 47.3 3043
180 48.6 3529
190 61.4 4143
200 79 4933
210 81.2 5745
220 82 6565
230 84.7 7412
240 88.2 8294
250 110.9 9403
260 114 10543
270 90.4 11447
280 43.1 11878
290 29.6 12174
300 21.4 12388
310 22.2 12610
320 24.6 12856
330 28.3 13139
340 40.9 13548
350 48.6 14034
360 68.6 14720
370 161.2 16332
380 216.1 18493
390 226.6 20759
400 231.3 23072
410 395.4 27026
420 585.5 32881
430 215.7 35038
440 155.4 36592
450 189.5 38487
460 219.3 40680
470 192.6 42606
480 183.6 44442
490 203.3 46475
501 250.1 48976
510 39.8 49374
520 110.9 50483
530 54.4 51027
540 249.7 53524
550 460.7 58131
560 475.5 62886
570 105.3 63939
580 16.7 64106
590 2.2 64128
600 0.3 64131
610 0.1 64132
620 0 64132
635 0.4 64136
642 23.6 64372
661 31 64682
661 0 64682
677 86 65542
680 29 65832
690 259.5 68427
700 71.3 69140
710 11.6 69256
720 1.7 69273
730 0.2 69275
734 0.1 69276
