210 0.7 7
220 12.9 136
230 35 486
240 75.5 1241
250 66.1 1902
260 7.9 1981
270 0 1981
280 0 1981
290 0 1981
300 0 1981
310 0 1981
320 0 1981
330 0 1981
340 0 1981
350 0 1981
360 763 9611
370 2502.6 34637
380 3238.1 67018
390 3965.8 106676
400 5914.7 165823
410 2890.2 194725
420 492 199645
430 541.3 205058
440 1606.4 221122
450 2464.5 245767
460 3696.8 282735
470 3902 321755
480 2978.6 351541
490 1983.6 371377
501 1512.5 386502
510 495.5 391457
520 2219.5 413652
530 687.9 420531
540 5056 471091
550 1738 488471
560 88.8 489359
570 0 489359
580 0 489359
590 0 489359
600 0 489359
610 0 489359
620 0 489359
635 2384.2 513201
642 2393.6 537137
661 2000.2 557139
661 0 557139
677 1988.8 577027
680 60.6 577633
690 214.4 579777
700 0 579777
710 0 579777
720 0 579777
730 0 579777
734 0 579777
