0 1.5 5.956119791666667 18.00338445088511 73.31201171875 0.825927734375 0 0
10 0.8 1.587066650390625 1.013010621070462 73.31201171875 0.819091796875 5.956119791666667 15
20 0.7 1.138671875 0.2631291045667104 73.31201171875 0.797119140625 4.4364491338315215 23
30 1.2 1.1644083658854167 0.2812678977487338 73.31201171875 0.778076171875 3.6669677734375 30
40 2.1 1.1013299851190477 0.26630794101281025 73.31201171875 0.74609375 2.9519507998511907 42
50 2.5 1.1650488281249998 0.28835362695563027 73.31201171875 0.74609375 2.3350771949404763 63
60 3.6 1.1899481879340277 0.3536577705224056 73.31201171875 0.74609375 2.002682772549716 88
70 4.5 1.1509385850694445 0.3735287668935563 73.31201171875 0.74609375 1.7667275705645162 124
80 4.1 1.0876167111280486 0.2552483403754907 73.31201171875 0.74609375 1.6027600892196745 169
90 6.8 1.0783224666819855 0.2664205433712916 73.31201171875 0.723876953125 1.5021844773065476 210
100 9.2 1.0783001443614124 0.2622974499011713 73.31201171875 0.723876953125 1.39850599988759 278
110 7.4 1.079652528505067 0.25855504999781126 73.31201171875 0.723876953125 1.3188872466216215 370
120 14.4 1.1832021077473962 1.2686983738689477 73.31201171875 0.696044921875 1.2790147936021956 444
130 16.5 1.0920262192234844 0.3382691449440533 73.31201171875 0.696044921875 1.255550462372449 588
140 14.6 1.0493465057791094 0.2593408241466075 73.31201171875 0.68798828125 1.2197184569015604 753
150 20.6 1.0894965014411404 0.2639446836239752 73.31201171875 0.68798828125 1.1920495972087042 899
160 20.8 1.1045896089993994 0.35801842054376193 73.31201171875 0.671142578125 1.1729311015271493 1105
170 20.5 1.0806271436737802 0.27943501905404156 73.31201171875 0.671142578125 1.1621047264732483 1313
180 24.6 1.101584333714431 0.43282527799826703 73.31201171875 0.671142578125 1.1511014955945322 1518
190 39.6 1.2710743913746838 1.2850195773627557 73.31201171875 0.671142578125 1.144196041046627 1764
200 39.2 1.5419541962292735 3.298994062520002 73.31201171875 0.671142578125 1.167457071940104 2160
210 38.3 1.5345876509464749 4.750647391355716 73.83203125 0.671142578125 1.2249817085864028 2552
220 46.2 1.3977563370873918 2.5483054193609505 73.83203125 0.671142578125 1.265383438032368 2935
230 50.1 1.4016839368138718 3.624998687256573 73.83203125 0.671142578125 1.2833864640445614 3397
240 47.7 3.4240707301493716 45.783296071200176 999.630126953125 0.671142578125 1.2985909365580106 3898
250 32.5 1.2463897235576913 1.194476192910006 999.630126953125 0.671142578125 1.5303289620535714 4375
260 11.5 1.8035559612771739 4.476735471783514 999.630126953125 0.671142578125 1.510694865774601 4700
270 10.5 1.237002418154762 0.4760632302367773 999.630126953125 0.671142578125 1.5176894713785047 4815
280 10.2 1.133729224111519 0.26967165247318914 999.630126953125 0.671142578125 1.5116991989011688 4920
290 8 1.1696685791015626 0.3162787343995258 999.630126953125 0.669921875 1.5040223893773645 5022
300 9.6 1.1055323282877603 0.2708098318332383 999.630126953125 0.669921875 1.4987796796905626 5102
310 9.1 1.151064023866758 0.47888122039749886 999.630126953125 0.669921875 1.4915169352244855 5198
320 13 1.0628417968750004 0.2582559122085887 999.630126953125 0.669921875 1.4856592655452356 5289
330 17.6 1.0942840576171877 0.277038797810391 999.630126953125 0.669921875 1.4755160156970846 5419
340 19 1.1128212376644746 0.700665420518202 999.630126953125 0.669921875 1.463523732475983 5595
350 18.8 1.1257038522273932 0.7634124193523404 999.630126953125 0.669921875 1.452005413718129 5785
360 403.2 1.073015667143326 0.37215914299769687 999.630126953125 0.633056640625 1.4417350816303578 5973
370 451.6 1.6013883686994832 4.941109815351775 999.630126953125 0.599853515625 1.2931417103948044 10005
380 470.2 1.232000729825738 1.5389255957722634 999.630126953125 0.583984375 1.3890057630705104 14521
390 744.4 1.6833302919612272 3.5634857907408044 999.630126953125 0.565185546875 1.35060188925701 19223
400 704.8 2.0429813934915106 8.377423659865538 999.630126953125 0.565185546875 1.4434818618722345 26667
410 19.3 47.86379103586464 29.284451275135208 999.630126953125 0.565185546875 1.568805091854517 33715
420 60.4 39.21943189608343 20.385200142058416 999.630126953125 0.565185546875 1.8323102318566982 33908
430 217.6 43.58231174244597 25.214478670757185 999.630126953125 0.565185546875 2.486628193295993 34512
440 369.5 33.17479999629993 17.150564870938364 999.630126953125 0.565185546875 4.924052075844792 36688
450 438.7 32.18495469346553 20.98355040539555 999.630126953125 0.565185546875 7.508964379687542 40383
460 637.6 30.73124681422523 20.767106381813015 999.630126953125 0.565185546875 9.926957891113586 44770
470 577 38.966920468546995 25.180729265916387 999.630126953125 0.565185546875 12.520477348622675 51146
480 357.3 62.97802167241726 41.810819847622255 999.630126953125 0.565185546875 15.201550804275975 56916
490 167.3 72.3144389698053 50.337311981684444 999.630126953125 0.565185546875 18.023639620620582 60489
501 250.5 1089.9613485918792 1313.8019562362838 4989.9990234375 0.565185546875 19.484797680386773 62162
510 111.2 3916.633908937303 1134.2230066403047 8074.027099609375 0.565185546875 60.95175548008814 64667
520 379.5 8951.461678992704 2550.5751888173395 13093.722900390625 0.565185546875 126.13241427156296 65779
530 67.3 10052.551947901195 1103.790054038776 16848.1591796875 0.565185546875 607.5209295160039 69574
540 676.3 18547.08199107139 2806.1863335933654 24808.2451171875 0.565185546875 698.008863169729 70247
550 0 0 0 24808.2451171875 0.565185546875 2265.5102469380568 77010
560 0 0 0 24808.2451171875 0.565185546875 2265.5102469380568 77010
570 0 0 0 24808.2451171875 0.565185546875 2265.5102469380568 77010
580 0 0 0 24808.2451171875 0.565185546875 2265.5102469380568 77010
590 0 0 0 24808.2451171875 0.565185546875 2265.5102469380568 77010
600 0 0 0 24808.2451171875 0.565185546875 2265.5102469380568 77010
610 0 0 0 24808.2451171875 0.565185546875 2265.5102469380568 77010
620 0 0 0 24808.2451171875 0.565185546875 2265.5102469380568 77010
635 3099.7 104610.16718534505 5697.837220004325 118716.5869140625 0.565185546875 2265.5102469380568 77010
642 36.9 101413.91719001415 32586.13195289928 121191.1298828125 0.565185546875 31637.470685796663 108007
661 0.7 99213.59190150669 37354.589857207364 121191.1298828125 0.565185546875 31875.046429135193 108376
661 0 0 0 121191.1298828125 0.565185546875 31879.395541249698 108383
677 0.7 19560.360909598214 6465.392940212568 121191.1298828125 0.565185546875 31879.395541249698 108383
680 0.1 5177.870849609375 0.0 121191.1298828125 0.565185546875 31878.599958239996 108390
690 0.1 726.357177734375 0.0 121191.1298828125 0.565185546875 31878.353621098457 108391
700 0 0 0 121191.1298828125 0.565185546875 31878.06621984704 108392
710 0 0 0 121191.1298828125 0.565185546875 31878.06621984704 108392
720 0 0 0 121191.1298828125 0.565185546875 31878.06621984704 108392
730 0 0 0 121191.1298828125 0.565185546875 31878.06621984704 108392
734 0 0 0 121191.1298828125 0.565185546875 31878.06621984704 108392
