0 14 14
10 15 1
20 8 -7
30 13 5
40 28 15
50 41 13
60 49 8
70 60 11
80 65 5
90 88 23
100 128 40
110 140 12
120 186 46
130 223 37
140 232 9
150 270 38
160 303 33
170 314 11
180 372 58
190 530 158
200 631 101
210 713 82
220 825 112
230 921 96
240 1030 109
250 927 -103
260 616 -311
270 312 -304
280 200 -112
290 146 -54
300 146 0
310 141 -5
320 179 38
330 250 71
340 303 53
350 296 -7
360 3741 3445
370 6133 2392
380 7180 1047
390 10073 2893
400 10681 608
410 5358 -5323
420 2286 -3072
430 2726 440
440 4694 1968
450 6440 1746
460 8720 2280
470 9629 909
480 8894 -735
490 7003 -1891
501 6399 -604
510 6736 337
520 7946 1210
530 7601 -345
540 7633 32
550 3376 -4257
560 906 -2470
570 176 -730
580 26 -150
590 4 -22
600 1 -3
610 0 -1
620 0 0
635 20877 20877
642 16968 -3909
661 15333 -1635
661 15333 0
677 4464 -10869
680 1504 -2960
690 614 -890
700 117 -497
710 20 -97
720 3 -17
730 1 -2
734 0 -1
