0 0.1 0.29206255106884227 0 0.29206255106884227 0.29206255106884227 0 0
10 0.1 0.2856433184302037 0.0 0.29206255106884227 0.2856433184302037 0.29206255106884227 1
20 0.1 0.12422360248447205 0.0 0.29206255106884227 0.12422360248447205 0.288852934749523 2
30 0.1 0.14903129657228018 0.0 0.29206255106884227 0.12422360248447205 0.23397649066117268 3
40 0.1 0.12420817289777668 0.0 0.29206255106884227 0.12420817289777668 0.21274019213894957 4
50 0.1 0.22351918539674653 0.0 0.29206255106884227 0.12420817289777668 0.195033788290715 5
60 0.1 0.29798857710454435 0.0 0.29798857710454435 0.12420817289777668 0.1997813544750536 6
70 0.1 1.305158483530143 0.0 1.305158483530143 0.12420817289777668 0.21381095770783798 7
80 0.1 0.33557046979865773 0.0 1.305158483530143 0.12420817289777668 0.3502293984356261 8
90 0.1 0.4223077878524407 0.0 1.305158483530143 0.12420817289777668 0.3486006285870741 9
100 0.1 0.5712866368604074 0.0 1.305158483530143 0.12420817289777668 0.35597134451361073 10
110 0.1 0.782608695652174 0.0 1.305158483530143 0.12420817289777668 0.37554546199968314 11
120 0.1 0.7458975634012929 0.0 1.305158483530143 0.12420817289777668 0.4094673981373907 12
130 0.1 1.033237893688535 0.0 1.305158483530143 0.12420817289777668 0.43534664161922937 13
140 0.1 1.4054726368159205 0.0 1.4054726368159205 0.12420817289777668 0.4780531596241797 14
150 0.1 1.4179104477611941 0.0 1.4179104477611941 0.12420817289777668 0.5398811247702958 15
160 0.1 2.6734643123601094 0.0 2.6734643123601094 0.12420817289777668 0.5947579574572269 16
170 0.1 1.7598602096854716 0.0 2.6734643123601094 0.12420817289777668 0.7170348018632788 17
180 0.1 1.6875 0.0 2.6734643123601094 0.12420817289777668 0.7749695467422896 18
190 0.1 2.3705552089831565 0.0 2.6734643123601094 0.12420817289777668 0.8229974653348006 19
200 0.1 3.0287859824780976 0.0 3.0287859824780976 0.12420817289777668 0.9003753525172182 20
210 0.1 3.5656199174277496 0.0 3.5656199174277496 0.12420817289777668 1.0017282396582126 21
220 0.1 3.1759979914637206 0.0 3.5656199174277496 0.12420817289777668 1.1182687704659189 22
230 0.1 3.637732062217762 0.0 3.637732062217762 0.12420817289777668 1.2077352583353886 23
240 0.1 3.9301858362631843 0.0 3.9301858362631843 0.12420817289777668 1.3089851251638207 24
250 0.1 3.9824120603015074 0.0 3.9824120603015074 0.12420817289777668 1.4138331536077953 25
260 0.1 3.637732062217762 0.0 3.9824120603015074 0.12420817289777668 1.5126246500190919 26
270 0.1 2.9595404595404595 0.0 3.9824120603015074 0.12420817289777668 1.591332331952376 27
280 0.1 1.945137157107232 0.0 3.9824120603015074 0.12420817289777668 1.6401969079376646 28
290 0.1 1.1082057029012575 0.0 3.9824120603015074 0.12420817289777668 1.6507120889435118 29
300 0.1 0.9581881533101044 0.0 3.9824120603015074 0.12420817289777668 1.6326285427421035 30
310 0.1 0.8464027881503611 0.0 3.9824120603015074 0.12420817289777668 1.6108724011475228 31
320 0.1 0.9320243569031936 0.0 3.9824120603015074 0.12420817289777668 1.5869827257413616 32
330 0.1 0.995891945723889 0.0 3.9824120603015074 0.12420817289777668 1.5671355024432352 33
340 0.1 2.542056074766355 0.0 3.9824120603015074 0.12420817289777668 1.5503342213632545 34
350 0.1 1.8707907208780246 0.0 3.9824120603015074 0.12420817289777668 1.578669131460486 35
360 0.1 3.099612548431446 0.0 3.9824120603015074 0.12420817289777668 1.5867836200554177 36
370 0.1 18.84744917051266 0.0 18.84744917051266 0.12420817289777668 1.627670888389905 37
380 0.1 28.02547770700637 0.0 28.02547770700637 0.12420817289777668 2.0808229484457668 38
390 0.1 30.84305150631681 0.0 30.84305150631681 0.12420817289777668 2.746070506357577 39
400 0.1 41.14901256732495 0.0 41.14901256732495 0.12420817289777668 3.4484950313565577 40
410 0.1 88.2996632996633 0.0 88.2996632996633 0.12420817289777668 4.368019849307006 41
420 0.1 99.67081199707388 0.0 99.67081199707388 0.12420817289777668 6.366392312410728 42
430 0.1 99.35663996115562 0.0 99.67081199707388 0.12420817289777668 8.536262537635452 43
440 0.1 99.8170731707317 0.0 99.8170731707317 0.12420817289777668 10.600362024533636 44
450 0.1 99.29846153846154 0.0 99.8170731707317 0.12420817289777668 12.58295560556026 45
460 0.1 98.89905987135081 0.0 99.8170731707317 0.12420817289777668 14.468075299753766 46
470 0.1 99.00060938452164 0.0 99.8170731707317 0.12420817289777668 16.264479226809023 47
480 0.1 99.73317161916313 0.0 99.8170731707317 0.12420817289777668 17.988148605094704 48
490 0.1 98.63314620453991 0.0 99.8170731707317 0.12420817289777668 19.656414380892016 49
501 0.1 99.6684350132626 0.0 99.8170731707317 0.12420817289777668 21.235949017364973 50
510 0.1 99.77279182050553 0.0 99.8170731707317 0.12420817289777668 22.773840899637474 51
530 0.1 82.98869920654003 0.0 99.8170731707317 0.12420817289777668 24.254589955808015 52
540 0.1 87.51371516348475 0.0 99.8170731707317 0.12420817289777668 25.362780696387865 53
550 0.1 43.26525650376854 0.0 99.8170731707317 0.12420817289777668 26.513723927260028 54
560 0.1 29.30927193528314 0.0 99.8170731707317 0.12420817289777668 26.81829724683291 55
570 0.1 21.729323308270676 0.0 99.8170731707317 0.12420817289777668 26.862778937698092 56
580 0.1 17.977108733515802 0.0 99.8170731707317 0.12420817289777668 26.77271831262042 57
590 0.1 17.06804989502285 0.0 99.8170731707317 0.12420817289777668 26.62106987160137 58
600 0.1 15.435241524897553 0.0 99.8170731707317 0.12420817289777668 26.459154278778005 59
610 0.1 15.3503342411488 0.0 99.8170731707317 0.12420817289777668 26.275422399546663 60
620 0.1 15.161250463363402 0.0 99.8170731707317 0.12420817289777668 26.096322593671292 61
635 0.1 65.61446943126332 0.0 99.8170731707317 0.12420817289777668 25.91995046253729 62
657 0.1 96.12850082372323 0.0 99.8170731707317 0.12420817289777668 26.55002219219961 63
677 0.1 98.53392050838954 0.0 99.8170731707317 0.12420817289777668 27.637185920817167 64
680 0.1 90.11993146773273 0.0 99.8170731707317 0.12420817289777668 28.727904914472127 65
690 0.1 78.55909203059463 0.0 99.8170731707317 0.12420817289777668 29.65808713497608 66
700 0.1 16.718847839699436 0.0 99.8170731707317 0.12420817289777668 30.387952879686804 67
710 0.1 14.193307625326534 0.0 99.8170731707317 0.12420817289777668 30.186936629098756 68
720 0.1 13.506784513880243 0.0 99.8170731707317 0.12420817289777668 29.955144904406406 69
730 0.1 13.543737574552683 0.0 99.8170731707317 0.12420817289777668 29.720168327398888 70
