0 0.1 1
10 0.7 8
20 1.4 22
30 0.7 29
40 0.8 37
50 1 47
60 3 77
70 3.4 111
80 3.4 145
90 4.6 191
100 5.2 243
110 6.5 308
120 10 408
130 12.4 532
140 13.6 668
150 16.7 835
160 17.7 1012
170 19.3 1205
180 19.2 1397
190 23.4 1631
200 29 1921
210 30.3 2224
220 34.9 2573
230 40.4 2977
240 38.8 3365
250 41.7 3782
260 44.3 4225
270 39.9 4624
280 20.6 4830
290 12.7 4957
300 9.6 5053
310 9.9 5152
320 9.4 5246
330 10.3 5349
340 13.5 5484
350 19.7 5681
360 62.1 6302
370 215.7 8459
380 367 12129
390 457.4 16703
400 696.4 23667
410 729.1 30958
420 514.2 36100
430 271.2 38812
440 231.8 41130
450 313.1 44261
460 423 48491
470 500.3 53494
480 477.6 58270
490 466.2 62932
501 347.2 66404
510 179.6 68200
520 234.3 70543
530 132.8 71871
540 594.6 77817
550 423.3 82050
560 242.5 84475
570 71.1 85186
580 14.6 85332
590 2.1 85353
600 0.3 85356
610 0.1 85357
620 0 85357
635 223.6 87593
642 1123.9 98832
657 440.8 103240
661 477.8 108018
677 736.2 115380
680 802.4 123404
690 305.3 126457
700 46.3 126920
710 9.3 127013
720 1.5 127028
730 0.2 127030
734 0.1 127031
