0 0.1 29464.1640625 0 29464.1640625 29464.1640625 0 0
10 0.1 29459.9765625 0.0 29464.1640625 29459.9765625 29464.1640625 1
20 0.1 29457.375 0.0 29464.1640625 29457.375 29462.0703125 2
30 0.1 29456.80078125 0.0 29464.1640625 29456.80078125 29460.505208333332 3
40 0.1 29458.609375 0.0 29464.1640625 29456.80078125 29459.5791015625 4
50 0.1 29454.3984375 0.0 29464.1640625 29454.3984375 29459.38515625 5
60 0.1 29449.52734375 0.0 29464.1640625 29449.52734375 29458.554036458332 6
70 0.1 29445.80078125 0.0 29464.1640625 29445.80078125 29457.264508928572 7
80 0.1 29445.203125 0.0 29464.1640625 29445.203125 29455.83154296875 8
90 0.1 29443.9921875 0.0 29464.1640625 29443.9921875 29454.65060763889 9
100 0.1 29439.37890625 0.0 29464.1640625 29439.37890625 29453.584765625 10
110 0.1 29428.13671875 0.0 29464.1640625 29428.13671875 29452.293323863636 11
120 0.1 29424.4296875 0.0 29464.1640625 29424.4296875 29450.2802734375 12
130 0.1 29414.515625 0.0 29464.1640625 29414.515625 29448.291766826922 13
140 0.1 29404.02734375 0.0 29464.1640625 29404.02734375 29445.87918526786 14
150 0.1 29400.18359375 0.0 29464.1640625 29400.18359375 29443.0890625 15
160 0.1 29391.3515625 0.0 29464.1640625 29391.3515625 29440.407470703125 16
170 0.1 29376.1015625 0.0 29464.1640625 29376.1015625 29437.52182904412 17
180 0.1 29367.75 0.0 29464.1640625 29367.75 29434.10959201389 18
190 0.1 29352.390625 0.0 29464.1640625 29352.390625 29430.616981907893 19
200 0.1 29326.16015625 0.0 29464.1640625 29326.16015625 29426.7056640625 20
210 0.1 29292.140625 0.0 29464.1640625 29292.140625 29421.917782738095 21
220 0.1 29248.77734375 0.0 29464.1640625 29248.77734375 29416.018821022728 22
230 0.1 29236.98828125 0.0 29464.1640625 29236.98828125 29408.747452445652 23
240 0.1 29214.96875 0.0 29464.1640625 29214.96875 29401.5908203125 24
250 0.1 29205.0859375 0.0 29464.1640625 29205.0859375 29394.1259375 25
260 0.1 29203.30078125 0.0 29464.1640625 29203.30078125 29386.85516826923 26
270 0.1 29202.8671875 0.0 29464.1640625 29202.8671875 29380.05685763889 27
280 0.1 29226.6171875 0.0 29464.1640625 29202.8671875 29373.728655133928 28
290 0.1 29269.92578125 0.0 29464.1640625 29202.8671875 29368.655845905174 29
300 0.1 29315.390625 0.0 29464.1640625 29202.8671875 29365.36484375 30
310 0.1 29340.15234375 0.0 29464.1640625 29202.8671875 29363.75277217742 31
320 0.1 29351.77734375 0.0 29464.1640625 29202.8671875 29363.015258789063 32
330 0.1 29377.61328125 0.0 29464.1640625 29202.8671875 29362.674715909092 33
340 0.1 29381.85546875 0.0 29464.1640625 29202.8671875 29363.11408547794 34
350 0.1 29369.53515625 0.0 29464.1640625 29202.8671875 29363.649553571428 35
360 0.1 29327.09375 0.0 29464.1640625 29202.8671875 29363.813042534723 36
370 0.1 28959.359375 0.0 29464.1640625 28959.359375 29362.820629222973 37
380 0.1 28751.46484375 0.0 29464.1640625 28751.46484375 29352.203227796053 38
390 0.1 28610.37109375 0.0 29464.1640625 28610.37109375 29336.79967948718 39
400 0.1 28291.65625 0.0 29464.1640625 28291.65625 29318.63896484375 40
410 0.1 28062.3203125 0.0 29464.1640625 28062.3203125 29293.590605945123 41
420 0.1 28055.19140625 0.0 29464.1640625 28055.19140625 29264.27464657738 42
430 0.1 28242.2421875 0.0 29464.1640625 28055.19140625 29236.156431686046 43
440 0.1 28423.515625 0.0 29464.1640625 28055.19140625 29213.567471590908 44
450 0.1 28507.015625 0.0 29464.1640625 28055.19140625 29196.010763888888 45
460 0.1 28467.5546875 0.0 29464.1640625 28055.19140625 29181.032608695652 46
470 0.1 28325.78125 0.0 29464.1640625 28055.19140625 29165.852227393618 47
480 0.1 28310.0 0.0 29464.1640625 28055.19140625 29148.350748697918 48
490 0.1 28290.3984375 0.0 29464.1640625 28055.19140625 29131.241549744896 49
501 0.1 28269.79296875 0.0 29464.1640625 28055.19140625 29114.4246875 50
510 0.1 28163.75 0.0 29464.1640625 28055.19140625 29097.86328125 51
530 0.1 27840.43359375 0.0 29464.1640625 27840.43359375 29079.899564302883 52
540 0.1 27183.87890625 0.0 29464.1640625 27183.87890625 29056.513413915094 53
550 0.1 27029.58984375 0.0 29464.1640625 27029.58984375 29021.83499710648 54
560 0.1 27042.9140625 0.0 29464.1640625 27029.58984375 28985.612357954546 55
570 0.1 27203.9453125 0.0 29464.1640625 27029.58984375 28950.921316964286 56
580 0.1 27252.62109375 0.0 29464.1640625 27029.58984375 28920.27261513158 57
590 0.1 27246.9296875 0.0 29464.1640625 27029.58984375 28891.520002693964 58
600 0.1 27298.30859375 0.0 29464.1640625 27029.58984375 28863.645590572032 59
610 0.1 27306.453125 0.0 29464.1640625 27029.58984375 28837.556640625 60
620 0.1 27300.76953125 0.0 29464.1640625 27029.58984375 28812.456582991803 61
635 0.1 27013.80859375 0.0 29464.1640625 27013.80859375 28788.074533770163 62
657 0.1 26663.47265625 0.0 29464.1640625 26663.47265625 28759.91158234127 63
677 0.1 26529.7578125 0.0 29464.1640625 26529.7578125 28727.154724121094 64
680 0.1 26799.96875 0.0 29464.1640625 26529.7578125 28693.348617788462 65
690 0.1 27718.43359375 0.0 29464.1640625 26529.7578125 28664.661044034092 66
700 0.1 28505.11328125 0.0 29464.1640625 26529.7578125 28650.538246268658 67
710 0.1 28727.65625 0.0 29464.1640625 26529.7578125 28648.399643841913 68
720 0.1 28765.4453125 0.0 29464.1640625 26529.7578125 28649.548290307972 69
730 0.1 28747.546875 0.0 29464.1640625 26529.7578125 28651.203962053572 70
