0 0.1 0.0703125 0 0.0703125 0.0703125 0 0
10 0.1 0.05859375 0.0 0.0703125 0.05859375 0.0703125 1
20 0.1 0.05078125 0.0 0.0703125 0.05078125 0.064453125 2
30 0.1 0.0390625 0.0 0.0703125 0.0390625 0.059895833333333336 3
40 0.1 0.0390625 0.0 0.0703125 0.0390625 0.0546875 4
50 0.1 0.03125 0.0 0.0703125 0.03125 0.0515625 5
60 0.1 0.03125 0.0 0.0703125 0.03125 0.048177083333333336 6
70 0.1 0.1015625 0.0 0.1015625 0.03125 0.04575892857142857 7
80 0.1 0.08984375 0.0 0.1015625 0.03125 0.052734375 8
90 0.1 0.0703125 0.0 0.1015625 0.03125 0.05685763888888889 9
100 0.1 0.19921875 0.0 0.19921875 0.03125 0.058203125 10
110 0.1 0.171875 0.0 0.19921875 0.03125 0.07102272727272728 11
120 0.1 0.1484375 0.0 0.19921875 0.03125 0.07942708333333334 12
130 0.1 0.12109375 0.0 0.19921875 0.03125 0.08473557692307693 13
140 0.1 0.1015625 0.0 0.19921875 0.03125 0.08733258928571429 14
150 0.1 0.08984375 0.0 0.19921875 0.03125 0.08828125 15
160 0.1 0.1484375 0.0 0.19921875 0.03125 0.08837890625 16
170 0.1 0.12890625 0.0 0.19921875 0.03125 0.09191176470588236 17
180 0.1 0.109375 0.0 0.19921875 0.03125 0.0939670138888889 18
190 0.1 0.08984375 0.0 0.19921875 0.03125 0.09477796052631579 19
200 0.1 0.23828125 0.0 0.23828125 0.03125 0.09453125 20
210 0.1 0.19921875 0.0 0.23828125 0.03125 0.1013764880952381 21
220 0.1 0.23828125 0.0 0.23828125 0.03125 0.10582386363636363 22
230 0.1 0.19921875 0.0 0.23828125 0.03125 0.11158288043478261 23
240 0.1 0.171875 0.0 0.23828125 0.03125 0.115234375 24
250 0.1 0.30859375 0.0 0.30859375 0.03125 0.1175 25
260 0.1 0.328125 0.0 0.328125 0.03125 0.12484975961538461 26
270 0.1 0.359375 0.0 0.359375 0.03125 0.1323784722222222 27
280 0.1 0.30859375 0.0 0.359375 0.03125 0.14048549107142855 28
290 0.1 0.328125 0.0 0.359375 0.03125 0.14628232758620688 29
300 0.1 0.28125 0.0 0.359375 0.03125 0.15234374999999997 30
310 0.1 0.23828125 0.0 0.359375 0.03125 0.15650201612903222 31
320 0.1 0.19921875 0.0 0.359375 0.03125 0.15905761718749997 32
330 0.1 0.171875 0.0 0.359375 0.03125 0.1602746212121212 33
340 0.1 0.21875 0.0 0.359375 0.03125 0.16061580882352938 34
350 0.1 0.1796875 0.0 0.359375 0.03125 0.1622767857142857 35
360 0.1 0.16015625 0.0 0.359375 0.03125 0.16276041666666663 36
370 0.1 0.2109375 0.0 0.359375 0.03125 0.16269003378378374 37
380 0.1 0.55859375 0.0 0.55859375 0.03125 0.16395970394736836 38
390 0.1 0.69921875 0.0 0.69921875 0.03125 0.1740785256410256 39
400 0.1 0.98828125 0.0 0.98828125 0.03125 0.18720703124999996 40
410 0.1 2.1484375 0.0 2.1484375 0.03125 0.20674542682926825 41
420 0.1 3.05078125 0.0 3.05078125 0.03125 0.2529761904761904 42
430 0.1 3.890625 0.0 3.890625 0.03125 0.31804142441860456 43
440 0.1 4.58984375 0.0 4.58984375 0.03125 0.3992365056818181 44
450 0.1 5.12109375 0.0 5.12109375 0.03125 0.492361111111111 45
460 0.1 5.55859375 0.0 5.55859375 0.03125 0.5929857336956521 46
470 0.1 5.94140625 0.0 5.94140625 0.03125 0.6986369680851063 47
480 0.1 6.25 0.0 6.25 0.03125 0.807861328125 48
490 0.1 6.6015625 0.0 6.6015625 0.03125 0.9189253826530612 49
501 0.1 7.0703125 0.0 7.0703125 0.03125 1.032578125 50
510 0.1 7.28125 0.0 7.28125 0.03125 1.1509650735294117 51
530 0.1 7.390625 0.0 7.390625 0.03125 1.2688551682692308 52
540 0.1 7.26171875 0.0 7.390625 0.03125 1.3843602594339623 53
550 0.1 6.51953125 0.0 7.390625 0.03125 1.4932002314814814 54
560 0.1 5.828125 0.0 7.390625 0.03125 1.584588068181818 55
570 0.1 5.078125 0.0 7.390625 0.03125 1.6603655133928572 56
580 0.1 4.4609375 0.0 7.390625 0.03125 1.7203262061403508 57
590 0.1 3.9296875 0.0 7.390625 0.03125 1.767578125 58
600 0.1 3.48046875 0.0 7.390625 0.03125 1.8042240466101696 59
610 0.1 3.1015625 0.0 7.390625 0.03125 1.8321614583333334 60
620 0.1 2.76953125 0.0 7.390625 0.03125 1.8529713114754098 61
635 0.1 3.4609375 0.0 7.390625 0.03125 1.8677545362903225 62
657 0.1 3.98828125 0.0 7.390625 0.03125 1.8930431547619047 63
677 0.1 5.5 0.0 7.390625 0.03125 1.92578125 64
680 0.1 5.671875 0.0 7.390625 0.03125 1.9807692307692308 65
690 0.1 6.1015625 0.0 7.390625 0.03125 2.0366950757575757 66
700 0.1 5.0390625 0.0 7.390625 0.03125 2.09736473880597 67
710 0.1 4.421875 0.0 7.390625 0.03125 2.140625 68
720 0.1 3.890625 0.0 7.390625 0.03125 2.1736865942028984 69
730 0.1 3.37109375 0.0 7.390625 0.03125 2.1982142857142857 70
