0 4 46.61723022460937 41.563857999281396 126.258056640625 9.783203125 0 0
10 5.7 60.539195278234644 55.541244614387686 310.076171875 8.00390625 46.61723022460937 40
20 8.1 65.05497685185185 70.48875902889962 424.43408203125 8.00390625 54.79817876127577 97
30 4.3 25.713503815406977 28.24137832292591 424.43408203125 8.00390625 59.46559811709972 178
40 12.4 56.912111343876006 60.31555247053756 439.972900390625 8.00390625 52.898448547087106 221
50 18.8 55.414794921875 49.87617396216578 439.972900390625 8.00390625 54.34104039288949 345
60 24.3 57.88674889081792 68.89839248246146 447.078125 8.00390625 54.719775573844984 533
70 28.1 52.683755351979535 59.940636520762155 447.447998046875 8.00390625 55.711495310989854 776
80 30.8 55.55397093141234 59.76904840842282 447.447998046875 8.00390625 54.90658052529269 1057
90 39 52.854649313902264 62.86640290849379 447.447998046875 8.00390625 55.052658360519686 1365
100 52.1 56.76872057191699 63.33990076311697 492.261962890625 8.00390625 54.564211905715815 1755
110 65.1 62.47605209233391 69.63061559433577 492.261962890625 8.00390625 55.06884679811072 2276
120 86.5 56.866828204028195 66.23834398681392 515.4140625 8.00390625 56.7162983343387 2927
130 109.8 60.557615186347334 70.15310115475022 601.23681640625 8.00390625 56.750635976026835 3792
140 120.7 59.284826751178 63.565585172231565 601.23681640625 7.576171875 57.605454620798184 4890
150 138.4 64.03468472695779 75.68205402431494 604.153076171875 7.576171875 57.93791356148515 6097
160 149.6 64.96970110398557 72.58060044569525 604.153076171875 7.576171875 59.06582845160869 7481
170 158.6 61.1010332720878 64.86089768304753 604.153076171875 7.576171875 60.04969761591256 8977
180 167.6 59.18791151388163 66.50502472900867 604.153076171875 7.35205078125 60.2075522358779 10563
190 233.4 116.23158840777637 118.80265320476038 1077.44091796875 7.35205078125 60.06792335687915 12239
200 272.9 341.79005838619855 230.8851166479486 1708.718994140625 7.35205078125 69.06305093725341 14573
210 278.1 455.44906784106996 305.2017374045698 2474.634033203125 1.64208984375 112.07958101054965 17302
220 292.6 695.1356629210635 408.6562124431032 2832.883056640625 1.5859375 159.62778311559757 20083
230 323.9 818.2250825058126 395.7279083508037 2832.883056640625 1.110107421875 227.72705106773776 23009
240 348.6 836.7649594611705 501.80004009054846 2960.3291015625 1.096923828125 300.5944361571893 26248
250 359.4 833.8702641202142 451.8657064926 2960.3291015625 1.052978515625 363.45481297287773 29734
260 270.1 914.8910821874418 389.17330689322034 2960.3291015625 1.052978515625 414.1831234452592 33328
270 190.8 214.59780813413062 296.3045235613102 2960.3291015625 1.052978515625 451.71989095372834 36029
280 109.7 47.6251099411748 55.41692631310156 2960.3291015625 1.052978515625 439.79409465935106 37937
290 79.9 54.608657856011426 66.02735913436959 2960.3291015625 1.052978515625 428.7726934133645 39034
300 69.8 52.50577892751614 60.288254155922814 2960.3291015625 1.052978515625 421.2674323381172 39833
310 71.2 54.53657823198297 60.789135470720254 2960.3291015625 1.052978515625 414.91684552603266 40531
320 83.4 50.40396140119156 56.590696651278556 2960.3291015625 1.052978515625 408.6954079411488 41243
330 106.8 56.626566111818235 59.895143154930096 2960.3291015625 1.052978515625 401.5937831481663 42077
340 144 62.60883873833551 66.85545527515025 2960.3291015625 1.052978515625 393.0545552470232 43145
350 156.3 63.18068749250246 69.3653133509607 2960.3291015625 1.052978515625 382.38186641058695 44585
360 1173.3 189.01098374792846 309.5742722621557 2960.3291015625 0.968017578125 371.5707490783306 46148
370 2777.8 117.59601935293873 296.09665585228396 2960.3291015625 0.759033203125 334.5642404378163 57881
380 3514.4 92.95451808958084 249.0489769568195 2960.3291015625 0.6591796875 264.2045205567095 85659
390 4250.2 76.47425760501906 222.84940751709212 2960.3291015625 0.6591796875 214.3844822571245 120803
400 6105.7 63.824871008564486 195.24248123038095 2960.3291015625 0.6591796875 178.49176391926719 163305
410 3225.8 116.43622221619444 223.9934903266171 2960.3291015625 0.6591796875 147.2867627138546 224362
420 1254.2 265.7500286731895 210.66337812484815 2960.3291015625 0.6591796875 143.40874566384477 256620
430 1025 326.7369271389086 330.183313277444 2960.3291015625 0.6591796875 149.1094180154516 269162
440 1975.2 181.6982929141669 314.99480289822014 2960.3291015625 0.6591796875 155.6255374681431 279412
450 2802.6 125.69091342149446 257.2723192151575 2960.3291015625 0.6591796875 157.34696473068092 299164
460 4048.7 96.21258885471725 216.6459080848827 2960.3291015625 0.6591796875 154.63541335688817 327190
470 4153.2 82.16658528645819 195.96144584618233 3973.56787109375 0.6591796875 148.20214476619745 367677
480 3218 100.49516198707738 306.11314921345405 13957.748046875 0.6591796875 141.49997336646643 409209
490 2244.8 137.58036495325516 616.2857362089233 24004.301025390625 0.6591796875 138.51046789580735 441389
501 1945.5 398.05717514928403 1566.4099513329156 38233.574951171875 0.6591796875 138.46545434394667 463837
510 603.8 1044.9809875185015 2575.700822767808 41516.94189453125 0.6591796875 148.9153623255972 483292
520 2512.9 1602.2192701577826 4013.658397574859 53849.68115234375 0.6591796875 159.9722038127628 489330
530 728.6 2461.926207373569 10697.96639755964 59915.015869140625 0.6591796875 230.41946303105624 514459
540 5570.1 5199.916895519171 13467.675850613177 67267.80688476563 0.6591796875 261.5817322224803 521745
550 2213.8 146.03632823087017 245.01530961121182 67267.80688476563 0.6591796875 737.9383212901835 577446
560 640.7 122.27163024206894 142.39104986077845 67267.80688476563 0.6591796875 716.0839583946641 599584
570 115.6 11.55140828591317 14.616956869324035 67267.80688476563 0.6591796875 709.8057206213742 605991
580 17.4 9.047631274694687 6.951090665007753 67267.80688476563 0.6591796875 708.4762534823456 607147
590 2.2 8.549571644176137 2.098792238459086 67267.80688476563 0.6591796875 708.275864264347 607321
600 0.3 7.462972005208333 0.5971454218588963 67267.80688476563 0.6591796875 708.250517831709 607343
610 0.1 7.843994140625 0.0 67267.80688476563 0.6591796875 708.2470562749728 607346
620 0 0 0 67267.80688476563 0.6591796875 708.2459030576816 607347
635 3251.9 101056.57888065821 27418.717682712635 120782.43310546875 0.6591796875 708.2459030576816 607347
642 2675.7 5489.070143991289 22832.10810771307 122240.92114257813 0.6591796875 5808.1065615371 639866
657 2093.3 987.2752867080777 2552.5563955773446 122240.92114257813 0.6591796875 5795.301036638809 666623
661 0 0 0 122240.92114257813 0.6591796875 5648.918192152978 687556
677 2019.9 723.2382806093955 2070.443606321488 122240.92114257813 0.6591796875 5648.918192152978 687556
680 93.5 2811.347540576955 8330.78348121189 122240.92114257813 0.6591796875 5508.341568132987 707755
690 501.4 206.47879759914449 1254.299902649549 122240.92114257813 0.6591796875 5504.783327695328 708690
700 77 8.542356496043013 15.338775127456817 122240.92114257813 0.6591796875 5467.561035381004 713704
710 12.2 8.588178790983614 13.142733825034174 122240.92114257813 0.6591796875 5461.677764075483 714474
720 1.8 6.7772216796875 3.426175340463141 122240.92114257813 0.6591796875 5460.746780793454 714596
730 0.2 6.8519287109375 0.0509033203125 122240.92114257813 0.6591796875 5460.609403898985 714614
734 0.1 6.015869140625 0.0 122240.92114257813 0.6591796875 5460.59414043588 714616
