10 0.1 472 0 472 472 0 0
20 0.1 456.0 0.0 472 456 472.0 1
30 0.1 704.0 0.0 704 456 464.0 2
40 0.1 239.0 0.0 704 239 544.0 3
50 0.1 1061.0 0.0 1061 239 467.75 4
60 0.1 1408.0 0.0 1408 239 586.4 5
70 0.1 2307.0 0.0 2307 239 723.3333333333334 6
80 0.1 2078.0 0.0 2307 239 949.5714285714286 7
90 0.1 2702.0 0.0 2702 239 1090.625 8
100 0.1 2921.0 0.0 2921 239 1269.6666666666667 9
110 0.1 4322.0 0.0 4322 239 1434.8 10
120 0.1 5363.0 0.0 5363 239 1697.2727272727273 11
130 0.1 7065.0 0.0 7065 239 2002.75 12
140 0.1 8975.0 0.0 8975 239 2392.153846153846 13
150 0.1 9696.0 0.0 9696 239 2862.3571428571427 14
160 0.1 11431.0 0.0 11431 239 3317.9333333333334 15
170 0.1 12687.0 0.0 12687 239 3825.0 16
180 0.1 12312.0 0.0 12687 239 4346.294117647059 17
190 0.1 14184.0 0.0 14184 239 4788.833333333333 18
200 0.1 19668.0 0.0 19668 239 5283.315789473684 19
210 0.1 22940.0 0.0 22940 239 6002.55 20
220 0.1 23550.0 0.0 23550 239 6809.0952380952385 21
230 0.1 23612.0 0.0 23612 239 7570.045454545455 22
240 0.1 24440.0 0.0 24440 239 8267.521739130434 23
250 0.1 24360.0 0.0 24440 239 8941.374999999998 24
260 0.1 23593.0 0.0 24440 239 9558.119999999997 25
270 0.1 21144.0 0.0 24440 239 10097.923076923074 26
280 0.1 11074.0 0.0 24440 239 10507.037037037035 27
290 0.1 6797.0 0.0 24440 239 10527.285714285712 28
300 0.1 6027.0 0.0 24440 239 10398.655172413792 29
310 0.1 5525.0 0.0 24440 239 10252.93333333333 30
320 0.1 5786.0 0.0 24440 239 10100.419354838708 31
330 0.1 6232.0 0.0 24440 239 9965.593749999998 32
340 0.1 9588.0 0.0 24440 239 9852.454545454544 33
350 0.1 12386.0 0.0 24440 239 9844.676470588234 34
360 0.1 17279.0 0.0 24440 239 9917.285714285712 35
370 0.1 54775.0 0.0 54775 239 10121.777777777776 36
380 0.1 67194.0 0.0 67194 239 11328.62162162162 37
390 0.1 74633.0 0.0 74633 239 12798.763157894735 38
400 0.1 102245.0 0.0 102245 239 14384.25641025641 39
410 0.1 90773.0 0.0 102245 239 16580.775 40
420 0.1 55285.0 0.0 102245 239 18390.341463414636 41
430 0.1 40825.0 0.0 102245 239 19268.785714285717 42
440 0.1 44380.0 0.0 102245 239 19770.093023255817 43
450 0.1 59372.0 0.0 102245 239 20329.409090909092 44
460 0.1 72217.0 0.0 102245 239 21197.022222222222 45
470 0.1 88505.0 0.0 102245 239 22306.152173913044 46
480 0.1 69118.0 0.0 102245 239 23714.63829787234 47
490 0.1 55574.0 0.0 102245 239 24660.541666666668 48
501 0.1 42248.0 0.0 102245 239 25291.428571428572 49
510 0.1 42363.0 0.0 102245 239 25630.56 50
530 0.1 54540.0 0.0 102245 239 25958.647058823528 51
540 0.1 40657.0 0.0 102245 239 26508.28846153846 52
550 0.1 90304.0 0.0 102245 239 26775.245283018867 53
560 0.1 46709.0 0.0 102245 239 27951.703703703704 54
570 0.1 16870.0 0.0 102245 239 28292.745454545453 55
580 0.1 2247.0 0.0 102245 239 28088.76785714286 56
590 0.1 267.0 0.0 102245 239 27635.40350877193 57
600 0.1 35.0 0.0 102245 35 27163.53448275862 58
610 0.1 11.0 0.0 102245 11 26703.728813559323 59
620 0.1 2.0 0.0 102245 2 26258.85 60
635 0.1 67139.0 0.0 102245 2 25828.409836065573 61
657 0.1 113534.0 0.0 113534 2 26494.709677419356 62
677 0.1 81195.0 0.0 113534 2 27876.285714285714 63
680 0.1 30930.0 0.0 113534 2 28709.390625 64
690 0.1 13599.0 0.0 113534 2 28743.553846153845 65
700 0.1 4115.0 0.0 113534 2 28514.090909090908 66
710 0.1 549.0 0.0 113534 2 28149.925373134327 67
720 0.1 87.0 0.0 113534 2 27744.029411764706 68
730 0.1 9.0 0.0 113534 2 27343.202898550724 69
