0 4 46.61723022460937 41.563857999281396 126.258056640625 9.783203125 0 0
10 5.9 58.48418879104874 53.94432871477426 293.2900390625 8.00390625 46.61723022460937 40
20 8.7 60.56365616020115 66.08767355291342 399.2919921875 8.00390625 53.68945805713384 99
30 4.3 25.713503815406977 28.24137832292591 399.2919921875 8.00390625 56.904808782762096 186
40 12.8 55.13162040710449 57.8414450881711 414.7099609375 8.00390625 51.04792619063865 229
50 19.2 54.259029388427734 48.776201480254755 414.7099609375 8.00390625 52.512107870491946 357
60 25.8 54.51718352561773 64.6245829089047 421.80810546875 8.00390625 53.123053100808285 549
70 29 51.04671252020472 57.24613141406337 421.80810546875 8.00390625 53.56876022546856 807
80 32.1 53.30138209452882 56.932156595837036 421.80810546875 8.00390625 52.902038407304005 1097
90 40.5 50.89459514853395 59.6485079573725 421.80810546875 8.00390625 52.99243990490568 1418
100 54.1 54.667271978974114 60.21816351355708 466.097900390625 8.00390625 52.52638004405513 1823
110 69 58.94110797384511 65.61659791426014 466.097900390625 8.00390625 53.01632189548964 2364
120 90.3 54.47105297878598 62.756722134883724 487.18798828125 8.00390625 54.354927787456 3054
130 114.8 57.91715764168663 66.12142927004783 525.990966796875 8.00390625 54.381427925886875 3957
140 125.2 57.15168347830971 60.424448996288405 525.990966796875 7.576171875 55.176534236119615 5105
150 146.6 60.73591561727277 70.94383535952547 525.990966796875 7.576171875 55.56553641501249 6357
160 157 61.63644941779466 67.5393826561184 525.990966796875 7.576171875 56.53444551772418 7823
170 164 59.08690781011814 61.95244778139667 525.990966796875 7.576171875 57.38722376994505 9393
180 173.8 57.07384762253669 63.42286696724745 525.990966796875 7.35205078125 57.63987326019103 11033
190 241.9 112.52744730034354 108.43958512137121 761.43115234375 7.35205078125 57.562843070053745 12771
200 284.1 328.22922587571026 198.3240082814873 1095.5419921875 7.35205078125 66.31592915518021 15190
210 288.1 442.9567438064039 278.18469968630785 1424.5810546875 1.64208984375 107.58350588320562 18031
220 306.7 663.6927805061948 354.83288882597435 1806.380859375 1.5859375 153.7871353044343 20912
230 335.1 792.5496715066399 350.4710231449821 1806.380859375 1.110107421875 219.0058939613341 23979
240 363.1 801.5567560051469 437.1996085144701 1876.052978515625 1.096923828125 289.3295382553085 27330
250 375.9 800.129019195078 393.63379932156454 1876.052978515625 1.052978515625 349.4017913365934 30961
260 289.8 848.1939109238856 272.611364361296 1876.052978515625 1.052978515625 398.2002835462721 34720
270 202.3 198.1411518996382 246.9602888492152 1876.052978515625 1.052978515625 432.8667073896535 37618
280 111.7 46.708782199460046 52.646134838551866 1876.052978515625 1.052978515625 420.8879531010054 39641
290 84.3 51.75477391940984 62.144152138007755 1876.052978515625 1.052978515625 410.63332495691037 40758
300 72.1 50.82889568524619 57.47458964215201 1876.052978515625 1.052978515625 403.36103298016434 41601
310 73.7 52.68438679295282 58.28096112960051 1876.052978515625 1.052978515625 397.35527543114404 42322
320 86 48.87793593295783 54.256757587416374 1876.052978515625 1.052978515625 391.45587124325425 43059
330 110 54.977188831676145 57.5709826643731 1876.052978515625 1.052978515625 384.7476806112532 43919
340 150 60.10171305338542 63.74261533709335 1876.052978515625 1.052978515625 376.69002626625365 45019
350 163.2 60.50660077263327 65.57918972255398 1876.052978515625 1.052978515625 366.4816711894183 46519
360 1184.7 187.4281261911311 307.9600143465652 1876.052978515625 0.968017578125 356.11114274929884 48151
370 2883.1 113.25612389807725 288.1590646495999 1876.052978515625 0.635986328125 322.8035708774929 59998
380 3668.3 89.08423975662292 242.28814182894806 1876.052978515625 0.635986328125 254.791295113232 88829
390 4410.8 73.6387802017472 217.60475736038495 1876.052978515625 0.635986328125 206.36061189850759 125512
400 6353.7 61.1917524665132 190.72792040648343 1876.052978515625 0.635986328125 171.8476148906034 169620
410 3431.4 109.08013927755262 216.21482244728907 1876.052978515625 0.635986328125 141.693077257852 233157
420 1291.6 257.7698157467901 202.5481035394433 1876.052978515625 0.635986328125 137.50914571440993 267471
430 1044.3 320.43443043953687 325.32929994943515 1876.052978515625 0.635986328125 143.0489418324119 280387
440 2044.3 175.43203527701314 309.0799776954035 1876.052978515625 0.635986328125 149.41842454576405 290830
450 2908.4 120.98714462446071 252.44276255016436 1876.052978515625 0.635986328125 151.1268806090234 311273
460 4203.1 92.54003693074878 212.2995826799738 1876.052978515625 0.635986328125 148.551396392818 340357
470 4327.2 78.68543495464577 191.8752939946035 3973.56787109375 0.635986328125 142.39478726923087 382388
480 3358.1 95.99083383943614 299.60550721829577 13957.748046875 0.635986328125 135.91818365752968 425660
490 2349.9 130.907384678854 602.2607089278911 24004.301025390625 0.635986328125 132.99858298110618 459241
501 2019.9 381.91206548794514 1538.0078794151807 38233.574951171875 0.635986328125 132.89678684052404 482740
510 621.7 1011.5018140704817 2543.1925061692073 41516.94189453125 0.635986328125 142.8977205788089 502939
520 2602.1 1546.0416699943069 3954.791208994748 53849.68115234375 0.635986328125 153.50372669331554 509156
530 780.4 2328.611208400991 10435.091739020407 59915.015869140625 0.635986328125 221.21072797071554 535177
540 5804.4 4986.4242414488535 13224.209808565734 67267.80688476563 0.635986328125 251.49936302291417 542981
550 2352.7 137.4535773144294 235.8541048761723 67267.80688476563 0.635986328125 708.7748168615319 601025
560 653.8 119.14087026087859 135.7605655896767 67267.80688476563 0.635986328125 687.2530303604484 624552
570 115.8 11.531279726967297 14.587129701928998 67267.80688476563 0.635986328125 681.3674715610205 631090
580 17.4 9.047631274694687 6.951090665007753 67267.80688476563 0.635986328125 680.1406265411172 632248
590 2.2 8.549571644176137 2.098792238459086 67267.80688476563 0.635986328125 679.9559868840902 632422
600 0.3 7.462972005208333 0.5971454218588963 67267.80688476563 0.635986328125 679.932631549649 632444
610 0.1 7.843994140625 0.0 67267.80688476563 0.635986328125 679.9294417029447 632447
620 0 0 0 67267.80688476563 0.635986328125 679.9283790298908 632448
635 3251.9 101056.57888065821 27418.717682712635 120782.43310546875 0.635986328125 679.9283790298908 632448
642 2675.7 5489.070143991289 22832.10810771307 122240.92114257813 0.635986328125 5588.665651198962 664967
657 2102.9 983.6355248653033 2547.115100729688 122240.92114257813 0.635986328125 5584.813136342812 691724
661 0 0 0 122240.92114257813 0.635986328125 5449.060408551052 712753
677 2196.6 656.7174601537116 1971.1233177956608 122240.92114257813 0.635986328125 5449.060408551052 712753
680 101 2663.7232844890937 8042.217086197194 122240.92114257813 0.635986328125 5305.783039646075 734719
690 526.1 182.77308282088995 1159.6983220397303 122240.92114257813 0.635986328125 5302.156051512253 735729
700 77.1 8.531184769171544 14.776900008010065 122240.92114257813 0.635986328125 5265.808632790968 740990
710 12.2 8.588178790983614 13.142733825034174 122240.92114257813 0.635986328125 5260.34412210299 741761
720 1.8 6.7772216796875 3.426175340463141 122240.92114257813 0.635986328125 5259.48048966353 741883
730 0.2 6.8519287109375 0.0509033203125 122240.92114257813 0.635986328125 5259.353048591441 741901
734 0.1 6.015869140625 0.0 122240.92114257813 0.635986328125 5259.338889055437 741903
