10 0.1 349 0 349 349 0 0
20 0.1 275.0 0.0 349 275 349.0 1
30 0.1 423.0 0.0 423 275 312.0 2
40 0.1 200.0 0.0 423 200 349.0 3
50 0.1 646.0 0.0 646 200 311.75 4
60 0.1 794.0 0.0 794 200 378.6 5
70 0.1 1421.0 0.0 1421 200 447.8333333333333 6
80 0.1 1293.0 0.0 1421 200 586.8571428571429 7
90 0.1 1565.0 0.0 1565 200 675.125 8
100 0.1 1920.0 0.0 1920 200 774.0 9
110 0.1 2663.0 0.0 2663 200 888.6 10
120 0.1 3152.0 0.0 3152 200 1049.909090909091 11
130 0.1 4586.0 0.0 4586 200 1225.0833333333333 12
140 0.1 5698.0 0.0 5698 200 1483.6153846153845 13
150 0.1 6067.0 0.0 6067 200 1784.642857142857 14
160 0.1 7404.0 0.0 7404 200 2070.133333333333 15
170 0.1 8151.0 0.0 8151 200 2403.5 16
180 0.1 7906.0 0.0 8151 200 2741.5882352941176 17
190 0.1 9140.0 0.0 9140 200 3028.5 18
200 0.1 12689.0 0.0 12689 200 3350.157894736842 19
210 0.1 14467.0 0.0 14467 200 3817.1 20
220 0.1 15093.0 0.0 15093 200 4324.238095238095 21
230 0.1 15287.0 0.0 15287 200 4813.727272727273 22
240 0.1 16451.0 0.0 16451 200 5269.086956521739 23
250 0.1 16975.0 0.0 16975 200 5735.0 24
260 0.1 15932.0 0.0 16975 200 6184.6 25
270 0.1 12738.0 0.0 16975 200 6559.5 26
280 0.1 7451.0 0.0 16975 200 6788.333333333333 27
290 0.1 4405.0 0.0 16975 200 6812.0 28
300 0.1 3769.0 0.0 16975 200 6729.0 29
310 0.1 3513.0 0.0 16975 200 6630.333333333333 30
320 0.1 3721.0 0.0 16975 200 6529.774193548387 31
330 0.1 4219.0 0.0 16975 200 6442.0 32
340 0.1 6252.0 0.0 16975 200 6374.636363636364 33
350 0.1 7940.0 0.0 16975 200 6371.029411764706 34
360 0.1 12706.0 0.0 16975 200 6415.857142857143 35
370 0.1 60179.0 0.0 60179 200 6590.583333333333 36
380 0.1 87131.0 0.0 87131 200 8038.918918918919 37
390 0.1 100499.0 0.0 100499 200 10120.28947368421 38
400 0.1 144036.0 0.0 144036 200 12437.692307692309 39
410 0.1 135949.0 0.0 144036 200 15727.65 40
420 0.1 63828.0 0.0 144036 200 18659.878048780487 41
430 0.1 31862.0 0.0 144036 200 19735.309523809523 42
440 0.1 40269.0 0.0 144036 200 20017.325581395347 43
450 0.1 66846.0 0.0 144036 200 20477.590909090908 44
460 0.1 90583.0 0.0 144036 200 21508.0 45
470 0.1 119285.0 0.0 144036 200 23009.630434782608 46
480 0.1 96868.0 0.0 144036 200 25058.042553191488 47
490 0.1 74508.0 0.0 144036 200 26554.083333333332 48
501 0.1 50454.0 0.0 144036 200 27532.73469387755 49
510 0.1 45669.0 0.0 144036 200 27991.16 50
530 0.1 68445.0 0.0 144036 200 28337.78431372549 51
540 0.1 45712.0 0.0 144036 200 29109.076923076922 52
550 0.1 127583.0 0.0 144036 200 29422.33962264151 53
560 0.1 53157.0 0.0 144036 200 31240.12962962963 54
570 0.1 17411.0 0.0 144036 200 31638.618181818183 55
580 0.1 3098.0 0.0 144036 200 31384.553571428572 56
590 0.1 456.0 0.0 144036 200 30888.298245614034 57
600 0.1 69.0 0.0 144036 69 30363.603448275862 58
610 0.1 15.0 0.0 144036 15 29850.13559322034 59
620 0.1 4.0 0.0 144036 4 29352.883333333335 60
635 0.1 107059.0 0.0 144036 4 28871.754098360656 61
657 0.1 116238.0 0.0 144036 4 30132.83870967742 62
677 0.1 84946.0 0.0 144036 4 31499.5873015873 63
680 0.1 37022.0 0.0 144036 4 32334.6875 64
690 0.1 12340.0 0.0 144036 4 32406.8 65
700 0.1 5097.0 0.0 144036 4 32102.757575757576 66
710 0.1 789.0 0.0 144036 4 31699.68656716418 67
720 0.1 146.0 0.0 144036 4 31245.117647058825 68
730 0.1 14.0 0.0 144036 4 30794.405797101448 69
