0 0.1 4450.9619140625 0 4450.9619140625 4450.9619140625 0 0
10 0.7 9158.966727120536 3251.101875372874 13566.10400390625 4314.9208984375 4450.9619140625 1
20 1.4 12716.36655970982 7528.518475631401 23981.966064453125 1605.95703125 8570.466125488281 8
30 0.7 17608.533726283484 5117.358965369834 25153.6669921875 1605.95703125 11208.766401811079 22
40 0.8 10376.527618408203 5733.1210707272485 25153.6669921875 1605.95703125 12753.53782495959 29
50 1 10573.980346679688 6627.1455330887375 25153.6669921875 1605.95703125 12239.589672191723 37
60 3 13112.442415364583 7994.007049315038 33697.56298828125 279.94921875 11885.204709316822 47
70 3.4 13969.903521369486 9531.131358313844 34683.440185546875 279.94921875 12363.349270114652 77
80 3.4 14537.017276539522 8232.263642361355 38045.174072265625 279.94921875 12855.446968697213 111
90 4.6 13814.495414402174 8628.827705422127 38045.174072265625 279.94921875 13249.74621329472 145
100 5.2 12367.354478102465 7104.638811608509 38045.174072265625 279.94921875 13385.759109896515 191
110 6.5 15084.551532451924 9108.59506098905 39769.448974609375 279.94921875 13167.828900623714 243
120 10 13544.756892089843 8589.17959659218 39769.448974609375 279.94921875 13572.332053444603 308
130 12.4 14169.873739919354 9688.65966438208 39769.448974609375 279.94921875 13565.573435465494 408
140 13.6 14151.932110954733 9347.253396965885 49181.3349609375 279.94921875 13706.425386127672 532
150 16.7 14233.138082721276 8956.455697694892 49181.3349609375 279.94921875 13797.127354056536 668
160 17.7 15409.190877968309 8927.936405831177 49181.3349609375 279.94921875 13884.329499789483 835
170 19.3 14156.324414821487 9555.04291026276 49181.3349609375 279.94921875 14151.02956296898 1012
180 19.2 15338.37302907308 8439.853541022001 49181.3349609375 279.94921875 14151.877618078968 1205
190 23.4 13329.528968224158 9488.975125814484 49181.3349609375 279.94921875 14314.946421880592 1397
200 29 14858.351615537445 9254.341263657328 51719.0439453125 279.94921875 14173.568320007136 1631
210 30.3 15986.73058719446 9488.447683626287 51719.0439453125 279.94921875 14276.945288098646 1921
220 34.9 17720.218107819222 9657.50686042526 51867.39208984375 279.94921875 14509.888159333374 2224
230 40.4 19195.77394572344 10900.31714910454 54447.120849609375 279.94921875 14945.335167503432 2573
240 38.8 19139.49008524787 10658.172429894928 55354.235107421875 279.94921875 15522.149835424452 2977
250 41.7 20385.639734501452 10622.900372375369 55354.235107421875 279.94921875 15939.245828569025 3365
260 44.3 24285.570370366277 9933.592265303118 58527.26416015625 279.94921875 16429.501317403985 3782
270 39.9 25188.197597876537 10188.546751260343 62257.58203125 279.94921875 17253.22642757258 4225
280 20.6 26084.376783648742 13385.407675496737 62257.58203125 279.94921875 17937.926578297334 4624
290 12.7 22256.033662570735 13993.062211052242 62257.58203125 279.94921875 18285.3735228734 4830
300 9.6 18662.35948944092 12056.797980281075 62257.58203125 279.94921875 18387.103165346987 4957
310 9.9 14482.668348524305 9095.047398962612 62257.58203125 279.94921875 18392.332654187878 5053
320 9.4 14736.21143097573 9942.56632506464 62257.58203125 279.94921875 18317.205176264604 5152
330 10.3 14496.041845229065 11051.67438216539 62257.58203125 279.94921875 18253.03944769862 5246
340 13.5 13155.544675925923 8715.486907342305 62257.58203125 279.94921875 18180.69494348206 5349
350 19.7 14186.924882762929 9463.101032739483 62257.58203125 279.94921875 18056.990478471103 5484
360 62.1 7827.910760901009 8885.100685052343 63033.73388671875 199.833984375 17922.78823901423 5681
370 215.7 8393.49945580522 5555.015604094423 63033.73388671875 149.649169921875 16928.037538616212 6302
380 367 12460.493875130387 6813.096814956104 63033.73388671875 110.80517578125 14751.775729345221 8459
390 457.4 14644.660536178491 8794.294799008747 63033.73388671875 31.810791015625 14058.47830952756 12129
400 696.4 11788.172638693215 9458.42233924668 63033.73388671875 31.810791015625 14219.000222040362 16703
410 729.1 13774.023886670535 9842.370380965624 63033.73388671875 31.810791015625 13503.73072060674 23667
420 514.2 16736.78464114279 12300.382739293747 63033.73388671875 31.810791015625 13567.388175021468 30958
430 271.2 16394.555725997943 15718.676280579146 63033.73388671875 31.810791015625 14018.829632882847 36100
440 231.8 10842.767173470864 13212.254396061959 65798.49682617188 31.810791015625 14184.834197567174 38812
450 313.1 11293.52881826268 9683.11180508915 67022.873046875 31.810791015625 13996.48235312625 41130
460 423 13180.615592967379 8952.13874395104 67022.873046875 31.810791015625 13805.276833195434 44261
470 500.3 13472.897205914733 9177.267558988884 67022.873046875 31.810791015625 13750.785957648124 48491
480 477.6 14571.894565703675 9940.015464769149 67022.873046875 31.810791015625 13724.796549024313 53494
490 466.2 14804.556375903667 11513.27932667971 67022.873046875 31.810791015625 13794.22747621945 58270
501 347.2 15136.928972868322 12216.922780416737 67022.873046875 31.810791015625 13869.072600009062 62932
510 179.6 20854.008325793446 11263.401367206936 68788.787109375 31.810791015625 13935.363747026822 66404
520 234.3 21357.65466647248 9755.519940724938 69469.34594726563 31.810791015625 14117.561484027772 68200
530 132.8 30824.682492359552 19667.24635620066 106106.52197265625 31.810791015625 14358.032378751104 70543
540 594.6 40233.08139006261 18981.875523246657 108149.14111328125 31.810791015625 14662.29573046281 71871
550 423.3 46717.28690860635 17449.07686435442 108374.69799804688 31.810791015625 16616.16045837548 77817
560 242.5 54002.021340407584 15928.558674996237 116829.43701171875 31.810791015625 18169.09242990293 82050
570 71.1 62473.955922487585 15366.461399852607 119985.02514648438 31.810791015625 19197.738213957073 84475
580 14.6 70837.20301463504 13026.299745414964 120420.80102539063 31.810791015625 19558.940650868833 85186
590 2.1 77164.95438058036 8768.970918404157 120420.80102539063 31.810791015625 19646.67592374548 85332
600 0.3 99440.83854166667 23701.15047317811 132829.59985351563 31.810791015625 19660.827551076607 85353
610 0.1 139397.17504882813 0.0 139397.17504882813 31.810791015625 19663.631572269867 85356
620 0 0 0 139397.17504882813 31.810791015625 19665.03431069175 85357
635 223.6 112344.08821185109 4159.0624548299575 139397.17504882813 31.810791015625 19665.03431069175 85357
642 1123.9 115559.7610737399 5008.451379724393 188927.1240234375 31.810791015625 22030.866791860248 87593
657 440.8 128397.60915489681 7588.464168850509 197410.13500976563 31.810791015625 32666.807001853424 98832
661 477.8 139655.64349679483 7020.78605660432 217941.3310546875 31.810791015625 36754.18956569123 103240
677 736.2 145454.78074135754 7689.555084431244 227240.48413085938 31.810791015625 41305.86749791376 108018
680 802.4 159073.26451349744 6053.140585239158 232644.71606445313 31.810791015625 47951.25057382148 115380
690 305.3 164087.7296591602 3379.690376578477 232644.71606445313 31.810791015625 55176.64877689399 123404
700 46.3 174176.81592640563 4620.288127819863 232644.71606445313 31.810791015625 57806.04477659 126457
710 9.3 184286.63083574845 5490.467176098897 232644.71606445313 31.810791015625 58230.56153551188 126920
720 1.5 194952.50229492187 5219.808370498552 232644.71606445313 31.810791015625 58322.86086270612 127013
730 0.2 200134.94104003906 97.0299072265625 232644.71606445313 31.810791015625 58338.99466487165 127028
734 0.1 213100.46801757813 0.0 232644.71606445313 31.810791015625 58341.22714454378 127030
