0 19.0078125 19.0078125
10 40.00625 59.0140625
20 62.88125 121.8953125
30 26.7140625 148.609375
40 83.8984375 232.5078125
50 135.5421875 368.05
60 179.17890625 547.22890625
70 194.25390625 741.4828125
80 226.71875 968.2015625
90 264.196875 1232.3984375
100 357.55703125 1589.95546875
110 495.140625 2085.09609375
120 602.659375 2687.75546875
130 785.3328125 3473.08828125
140 891.60546875 4364.69375
150 1004.5046875 5369.1984375
160 1089.31484375 6458.51328125
170 1154.26484375 7612.778125
180 1201.43359375 8814.21171875
190 1646.44765625 10460.659375
200 1967.73515625 12428.39453125
210 2105.07734375 14533.471875
220 2105.28125 16638.753125
230 2296.96328125 18935.71640625
240 2483.03515625 21418.7515625
250 2681.21171875 24099.96328125
260 2154.17578125 26254.1390625
270 1470.73125 27724.8703125
280 822.69609375 28547.56640625
290 623.63984375 29171.20625
300 502.0984375 29673.3046875
310 519.334375 30192.6390625
320 587.25078125 30779.88984375
330 740.60859375 31520.4984375
340 1046.41875 32566.9171875
350 1168.06484375 33734.98203125
360 5078.203125 38813.18515625
370 13164.59140625 51977.7765625
380 16668.33828125 68646.11484375
390 18793.35625 87439.47109375
400 25328.69765625 112768.16875
410 17667.64765625 130435.81640625
420 8478.53125 138914.34765625
430 5948.98515625 144863.3328125
440 10414.5125 155277.8453125
450 14148.79921875 169426.64453125
460 19224.009375 188650.65390625
470 20492.5125 209143.16640625
480 15433.034375 224576.20078125
490 11243.1453125 235819.34609375
501 9889.08046875 245708.4265625
510 2550.0921875 248258.51875
520 11386.70234375 259645.22109375
530 3743.21484375 263388.4359375
540 24706.2921875 288094.728125
550 13801.51328125 301896.24140625
560 4645.32734375 306541.56875
570 932.8078125 307474.3765625
580 140.0765625 307614.453125
590 18.41015625 307632.86328125
600 2.52890625 307635.3921875
610 0.8484375 307636.240625
620 0 307636.240625
635 4725.72578125 312361.96640625
642 12219.93203125 324581.8984375
661 5850.94140625 330432.83984375
661 0 330432.83984375
677 8841.54296875 339274.3828125
680 479.62734375 339754.01015625
690 3126.9515625 342880.96171875
700 614.64375 343495.60546875
710 102.0859375 343597.69140625
720 14.12734375 343611.81875
730 1.68046875 343613.49921875
734 0.3359375 343613.83515625
