0 193.30625 193.30625
10 378.640625 571.946875
20 566.58671875 1138.53359375
30 166.871875 1305.40546875
40 770.7421875 2076.14765625
50 1180.41171875 3256.559375
60 1565.3828125 4821.9421875
70 1660.91015625 6482.85234375
80 1945.43828125 8428.290625
90 2238.54296875 10666.83359375
100 3165.03828125 13831.871875
110 4407.76640625 18239.63828125
120 5155.38203125 23395.0203125
130 6856.746875 30251.7671875
140 7390.14140625 37641.90859375
150 8611.0671875 46252.97578125
160 9292.03671875 55545.0125
170 9671.0046875 65216.0171875
180 9999.84453125 75215.86171875
190 14152.26640625 89368.128125
200 16395.23203125 105763.36015625
210 16997.9 122761.26015625
220 17002.49921875 139763.759375
230 17151.03203125 156914.79140625
240 16000.45546875 172915.246875
250 16666.4578125 189581.7046875
260 16083.54375 205665.2484375
270 10367.7015625 216032.95
280 5865.69453125 221898.64453125
290 4896.70390625 226795.3484375
300 4035.00546875 230830.35390625
310 4278.303125 235108.65703125
320 4840.00703125 239948.6640625
330 6467.14765625 246415.81171875
340 8877.74609375 255293.5578125
350 9717.71640625 265011.27421875
360 21096.740625 286108.01484375
370 23611.23671875 309719.2515625
380 26478.35 336197.6015625
390 29771.46015625 365969.06171875
400 36044.7453125 402013.80703125
410 23544.16484375 425557.971875
420 19815.0421875 445373.0140625
430 19880.0125 465253.0265625
440 22578.6109375 487831.6375
450 23986.0875 511817.725
460 30033.4578125 541851.1828125
470 27154.1390625 569005.321875
480 20274.00625 589279.328125
490 15812.421875 605091.75
501 19622.128125 624713.878125
510 5655.79765625 630369.67578125
520 19270.55625 649640.23203125
530 4349.5109375 653989.74296875
540 40200.29453125 694190.0375
550 21322.5640625 715512.6015625
560 11069.65703125 726582.25859375
570 1848.04375 728430.30234375
580 219.1859375 728649.48828125
590 21.3546875 728670.84296875
600 2.9953125 728673.83828125
610 0.9984375 728674.83671875
620 0 728674.83671875
635 29929.82890625 758604.665625
642 16086.25 774690.915625
661 10961.51015625 785652.42578125
661 0 785652.42578125
677 17114.63828125 802767.0640625
680 1504.7984375 804271.8625
690 6849.771875 811121.634375
700 1120.403125 812242.0375
710 162.13359375 812404.17109375
720 26.32890625 812430.5
730 1.996875 812432.496875
734 0.775 812433.271875
