0 14 14
10 15 16
20 8 16
30 13 16
40 28 29
50 42 42
60 50 52
70 58 64
80 65 66
90 89 90
100 128 132
110 137 140
120 185 189
130 226 226
140 236 243
150 272 277
160 302 306
170 315 326
180 372 373
190 529 532
200 632 635
210 713 719
220 826 826
230 922 922
240 1030 1035
250 925 1042
260 596 1042
270 301 1042
280 192 1042
290 151 1042
300 152 1042
310 140 1042
320 177 1042
330 251 1042
340 308 1042
350 295 1042
360 3835 3835
370 6167 6174
380 7179 7189
390 10206 10207
400 10682 13428
410 5250 13428
420 2307 13428
430 2763 13428
440 4727 13428
450 6527 13428
460 8823 13428
470 9718 13428
480 9048 13428
490 7099 13428
501 9418 13428
510 16720 17166
520 37957 37957
530 55159 55665
540 49214 55665
550 44981 55665
560 42556 55665
570 41845 55665
580 41699 55665
590 41678 55665
600 41675 55665
610 41674 55665
620 41674 55665
635 39438 55665
642 28199 55665
657 23791 55665
661 19013 55665
677 11651 55665
680 3627 55665
690 574 55665
700 111 55665
710 18 55665
720 3 55665
730 1 55665
734 0 55665
