0 1.5 15
10 0.8 23
20 0.7 30
30 1.2 42
40 2.3 65
50 2.4 89
60 3.8 127
70 4.2 169
80 4.1 210
90 7 280
100 9.1 371
110 7.4 445
120 14.8 593
130 16.5 758
140 14.6 904
150 20.3 1107
160 20.7 1314
170 20.6 1520
180 24.9 1769
190 39.1 2160
200 39.3 2553
210 38.4 2937
220 46.2 3399
230 50 3899
240 49.6 4395
250 31.2 4707
260 11.4 4821
270 10.4 4925
280 9.7 5022
290 8.6 5108
300 9.7 5205
310 8.7 5292
320 13.1 5423
330 17.7 5600
340 19.2 5792
350 18.4 5976
360 416.1 10137
370 448.9 14626
380 468.2 19308
390 760.1 26909
400 744 34349
410 185.9 36208
420 219.9 38407
430 316.8 41575
440 428.2 45857
450 493.1 50788
460 652.6 57314
470 589.8 63212
480 410.6 67318
490 271.3 70031
501 579.1 75822
510 909.8 84920
520 2358 108500
530 1853 127030
540 0.1 127031
550 0 127031
560 0 127031
570 0 127031
580 0 127031
590 0 127031
600 0 127031
610 0 127031
620 0 127031
635 0 127031
642 0 127031
657 0 127031
661 0 127031
677 0 127031
680 0 127031
690 0 127031
700 0 127031
710 0 127031
720 0 127031
730 0 127031
734 0 127031
